# Table: secmatv1_2006_04_0809
# Stability threshold: 100
# Iteration threshold: 1
#
# Columns: Iteration Stability Subkey0 ... Subkey7
   1   0  0  0  0  0  0  0  0  0
   2   0  4  1  3 10  6  9 12 17
   3   0 60  6 10  7  9 20 57 63
   4   0 60 26 10 34  9 20 38 63
   5   0 13  6 10 13 25 16 47 32
   6   0 13  6 10 13  4 16 47 14
   7   0 13  6 44 13  4 16 47 14
   8   0 55 34 10 43  4 23 40 39
   9   0 55 34 10 43  4 23 40 15
  10   0 55 34 10 43  4 23 40 14
  11   0 55 34 50 38  4 23 40 12
  12   0 55 34 50 38  4 23 40 14
  13   0 55 53 23 43  4 23 40 14
  14   1 55 53 23 43  4 23 40 14
  15   0 13 53 23 43  4 14 40 14
  16   0 55 34 44 59  4 26 40 14
  17   0 55 53 44 63  4 26 40 14
  18   0 55 34 44 59  4 26 40 14
  19   0 13 53 44 33  4 26 40 14
  20   1 13 53 44 33  4 26 40 14
  21   2 13 53 44 33  4 26 40 14
  22   0 13 53 44 33  4 26 30 14
  23   0 13 53 44 33  4 26 40 14
  24   0 13 57 63 50  4 26 40 15
  25   0 13 57 56 50  4 26 40 15
  26   1 13 57 56 50  4 26 40 15
  27   2 13 57 56 50  4 26 40 15
  28   3 13 57 56 50  4 26 40 15
  29   4 13 57 56 50  4 26 40 15
  30   0 13 62 56 50  4 26 40 15
  31   1 13 62 56 50  4 26 40 15
  32   2 13 62 56 50  4 26 40 15
  33   0 13 62  9 50  4 26 40 15
  34   0 13 62 56 50  4 26 40 15
  35   1 13 62 56 50  4 26 40 15
  36   0 13 62 56 50  4 26 40 45
  37   1 13 62 56 50  4 26 40 45
  38   0 13 62 56 50  4 26 40 15
  39   0 13 62 56 50 17 26 40 45
  40   0 13 62 56 50 17 26 40 15
  41   0 13 62 56 50 17 18 40 15
  42   1 13 62 56 50 17 18 40 15
  43   0 13 62 28 50 27 18 40 15
  44   0 13 62  9 50 27 26 40 15
  45   1 13 62  9 50 27 26 40 15
  46   2 13 62  9 50 27 26 40 15
  47   3 13 62  9 50 27 26 40 15
  48   4 13 62  9 50 27 26 40 15
  49   5 13 62  9 50 27 26 40 15
  50   0 13 62  9 50 27 26 40 26
  51   1 13 62  9 50 27 26 40 26
  52   0 13 50  9 50 27 26 40 26
  53   0 13 62 44 50 27 26 40 26
  54   0 13 62 32 50 27 26 40 26
  55   1 13 62 32 50 27 26 40 26
  56   2 13 62 32 50 27 26 40 26
  57   3 13 62 32 50 27 26 40 26
  58   0 13 62 44 50 27 26 40 26
  59   0 13 62  9 50 27 26 40 26
  60   1 13 62  9 50 27 26 40 26
  61   2 13 62  9 50 27 26 40 26
  62   0 13 62 32 50 27 26 40 26
  63   0 13 62  9  9 27 26 40 26
  64   1 13 62  9  9 27 26 40 26
  65   2 13 62  9  9 27 26 40 26
  66   3 13 62  9  9 27 26 40 26
  67   4 13 62  9  9 27 26 40 26
  68   5 13 62  9  9 27 26 40 26
  69   6 13 62  9  9 27 26 40 26
  70   0 13 62 32  9 27 26 40 26
  71   1 13 62 32  9 27 26 40 26
  72   0 13 62 32  9 20 26 40 26
  73   0 13 62  9  9 28 26 40 26
  74   1 13 62  9  9 28 26 40 26
  75   2 13 62  9  9 28 26 40 26
  76   3 13 62  9  9 28 26 40 26
  77   0 41 62  9  9 28 26 40 26
  78   0 13 62 44  9 28 26 40 26
  79   0 13 62  9  9 28 26 40 26
  80   1 13 62  9  9 28 26 40 26
  81   0 13 62  9  9 26 26 40 26
  82   1 13 62  9  9 26 26 40 26
  83   2 13 62  9  9 26 26 40 26
  84   0 41 62  9  9 28 26 40 26
  85   1 41 62  9  9 28 26 40 26
  86   2 41 62  9  9 28 26 40 26
  87   3 41 62  9  9 28 26 40 26
  88   4 41 62  9  9 28 26 40 26
  89   5 41 62  9  9 28 26 40 26
  90   0 41 62  9 34 28 26 40 26
  91   1 41 62  9 34 28 26 40 26
  92   2 41 62  9 34 28 26 40 26
  93   0 41 62  9 34 28 26 40 57
  94   1 41 62  9 34 28 26 40 57
  95   0 41 62  9 34 28 26 40 26
  96   1 41 62  9 34 28 26 40 26
  97   0 41 62  9 37 28 26 40 26
  98   0 41 62  9 37 19 26 40 57
  99   0 41 62  9 50 19 26 40 57
 100   1 41 62  9 50 19 26 40 57
 101   2 41 62  9 50 19 26 40 57
 102   0 41 62  9 59 19 26 32 57
 103   1 41 62  9 59 19 26 32 57
 104   0 41 62  9 34 19 26 32 57
 105   1 41 62  9 34 19 26 32 57
 106   2 41 62  9 34 19 26 32 57
 107   3 41 62  9 34 19 26 32 57
 108   0 41 62  9 61 19 26 14 57
 109   0 41 62  9 34 19 26 14 57
 110   1 41 62  9 34 19 26 14 57
 111   0 41 62  9 61 19 26 14 57
 112   0 41 62  9 34 19 26 14 57
 113   0 41 62  9 22 19 26 14 57
 114   0 41 62  9 61 19 26 14 57
 115   1 41 62  9 61 19 26 14 57
 116   2 41 62  9 61 19 26 14 57
 117   3 41 62  9 61 19 26 14 57
 118   4 41 62  9 61 19 26 14 57
 119   5 41 62  9 61 19 26 14 57
 120   6 41 62  9 61 19 26 14 57
 121   7 41 62  9 61 19 26 14 57
 122   8 41 62  9 61 19 26 14 57
 123   0 41 62  9 61 51 26 14 57
 124   0 41 62  9 61 19 26 14 57
 125   1 41 62  9 61 19 26 14 57
 126   2 41 62  9 61 19 26 14 57
 127   3 41 62  9 61 19 26 14 57
 128   4 41 62  9 61 19 26 14 57
 129   5 41 62  9 61 19 26 14 57
 130   6 41 62  9 61 19 26 14 57
 131   0 17 62  9 61 19 26 14 57
 132   1 17 62  9 61 19 26 14 57
 133   2 17 62  9 61 19 26 14 57
 134   3 17 62  9 61 19 26 14 57
 135   4 17 62  9 61 19 26 14 57
 136   0 17 62  9 61 19 26 14 63
 137   0 17 62  9 61 45 26 14 63
 138   1 17 62  9 61 45 26 14 63
 139   2 17 62  9 61 45 26 14 63
 140   3 17 62  9 61 45 26 14 63
 141   4 17 62  9 61 45 26 14 63
 142   5 17 62  9 61 45 26 14 63
 143   6 17 62  9 61 45 26 14 63
 144   7 17 62  9 61 45 26 14 63
 145   0 17 62  9 61 19 26 14 63
 146   0 17 62  9 61 28 26 14 63
 147   1 17 62  9 61 28 26 14 63
 148   2 17 62  9 61 28 26 14 63
 149   3 17 62  9 61 28 26 14 63
 150   0 17 62  9 61 19 26 14 63
 151   1 17 62  9 61 19 26 14 63
 152   2 17 62  9 61 19 26 14 63
 153   3 17 62  9 61 19 26 14 63
 154   4 17 62  9 61 19 26 14 63
 155   5 17 62  9 61 19 26 14 63
 156   0 17 62  9 61 19  9 14 63
 157   0 17 62  9 61 19  9 40 63
 158   1 17 62  9 61 19  9 40 63
 159   0 17 62  9 61 12 45 40  2
 160   1 17 62  9 61 12 45 40  2
 161   2 17 62  9 61 12 45 40  2
 162   3 17 62  9 61 12 45 40  2
 163   4 17 62  9 61 12 45 40  2
 164   5 17 62  9 61 12 45 40  2
 165   0 17 62  9 61 19 45 40  2
 166   0 17 62  9 61 19 45 40 63
 167   1 17 62  9 61 19 45 40 63
 168   0 17 62  9 61 19 45 40  2
 169   1 17 62  9 61 19 45 40  2
 170   0 17 62  9 41 19 45 40  2
 171   0 17 62  9 61 19 45 40  2
 172   1 17 62  9 61 19 45 40  2
 173   2 17 62  9 61 19 45 40  2
 174   3 17 62  9 61 19 45 40  2
 175   4 17 62  9 61 19 45 40  2
 176   5 17 62  9 61 19 45 40  2
 177   6 17 62  9 61 19 45 40  2
 178   0 17 62  9 41 19 45 40  2
 179   1 17 62  9 41 19 45 40  2
 180   0 17 62  9 41 35 45 40  2
 181   0 17 62  9 41 17 45 40  2
 182   0 17 62  9 41 19 45 40  2
 183   1 17 62  9 41 19 45 40  2
 184   2 17 62  9 41 19 45 40  2
 185   0 17 62  9 41 27 45 40  2
 186   0 17 15  9 61 35 45 40  2
 187   0 17 15  9 61 35 45 40 47
 188   0 17 62  9 61 35 45 40  2
 189   0 17 15  9 61 35 45 40  2
 190   1 17 15  9 61 35 45 40  2
 191   2 17 15  9 61 35 45 40  2
 192   3 17 15  9 61 35 45 40  2
 193   0 17 62  9 61 35 45 40 62
 194   1 17 62  9 61 35 45 40 62
 195   2 17 62  9 61 35 45 40 62
 196   3 17 62  9 61 35 45 40 62
 197   4 17 62  9 61 35 45 40 62
 198   5 17 62  9 61 35 45 40 62
 199   6 17 62  9 61 35 45 40 62
 200   7 17 62  9 61 35 45 40 62
 201   0 17 62  9 61 35 45  7 62
 202   1 17 62  9 61 35 45  7 62
 203   0 17 62  9 61 19 45  7 47
 204   1 17 62  9 61 19 45  7 47
 205   2 17 62  9 61 19 45  7 47
 206   3 17 62  9 61 19 45  7 47
 207   4 17 62  9 61 19 45  7 47
 208   5 17 62  9 61 19 45  7 47
 209   6 17 62  9 61 19 45  7 47
 210   7 17 62  9 61 19 45  7 47
 211   8 17 62  9 61 19 45  7 47
 212   9 17 62  9 61 19 45  7 47
 213  10 17 62  9 61 19 45  7 47
 214  11 17 62  9 61 19 45  7 47
 215  12 17 62  9 61 19 45  7 47
 216  13 17 62  9 61 19 45  7 47
 217  14 17 62  9 61 19 45  7 47
 218  15 17 62  9 61 19 45  7 47
 219  16 17 62  9 61 19 45  7 47
 220  17 17 62  9 61 19 45  7 47
 221  18 17 62  9 61 19 45  7 47
 222  19 17 62  9 61 19 45  7 47
 223  20 17 62  9 61 19 45  7 47
 224  21 17 62  9 61 19 45  7 47
 225  22 17 62  9 61 19 45  7 47
 226  23 17 62  9 61 19 45  7 47
 227  24 17 62  9 61 19 45  7 47
 228  25 17 62  9 61 19 45  7 47
 229  26 17 62  9 61 19 45  7 47
 230  27 17 62  9 61 19 45  7 47
 231  28 17 62  9 61 19 45  7 47
 232  29 17 62  9 61 19 45  7 47
 233  30 17 62  9 61 19 45  7 47
 234  31 17 62  9 61 19 45  7 47
 235  32 17 62  9 61 19 45  7 47
 236   0 17 62  9 61 19 45  7 62
 237   1 17 62  9 61 19 45  7 62
 238   2 17 62  9 61 19 45  7 62
 239   3 17 62  9 61 19 45  7 62
 240   4 17 62  9 61 19 45  7 62
 241   5 17 62  9 61 19 45  7 62
 242   6 17 62  9 61 19 45  7 62
 243   7 17 62  9 61 19 45  7 62
 244   8 17 62  9 61 19 45  7 62
 245   9 17 62  9 61 19 45  7 62
 246  10 17 62  9 61 19 45  7 62
 247  11 17 62  9 61 19 45  7 62
 248  12 17 62  9 61 19 45  7 62
 249  13 17 62  9 61 19 45  7 62
 250  14 17 62  9 61 19 45  7 62
 251   0 17 62  9 61 19 45  7 47
 252   1 17 62  9 61 19 45  7 47
 253   0 17 62  9  3 19 45  7 47
 254   0 17 62  9 61 19 45  7 47
 255   0 17 62  9  3 19 45  7 47
 256   1 17 62  9  3 19 45  7 47
 257   2 17 62  9  3 19 45  7 47
 258   3 17 62  9  3 19 45  7 47
 259   0 17 62  9  1 19 45  7 47
 260   1 17 62  9  1 19 45  7 47
 261   2 17 62  9  1 19 45  7 47
 262   3 17 62  9  1 19 45  7 47
 263   4 17 62  9  1 19 45  7 47
 264   5 17 62  9  1 19 45  7 47
 265   6 17 62  9  1 19 45  7 47
 266   7 17 62  9  1 19 45  7 47
 267   8 17 62  9  1 19 45  7 47
 268   9 17 62  9  1 19 45  7 47
 269   0 17 62  9  1 19 45 40 47
 270   0  3 62  9  1 19 45  7 47
 271   1  3 62  9  1 19 45  7 47
 272   0  3 62  9  1 19 45 40 47
 273   0  3 62  9  1 19 45  7 47
 274   0  3 62  9  1 27 45  7 62
 275   0  3 62  9  1 27 45 40 47
 276   1  3 62  9  1 27 45 40 47
 277   0  3 62  9  3 27 45  7 47
 278   0  3 62  9 61 19 45  7 47
 279   1  3 62  9 61 19 45  7 47
 280   2  3 62  9 61 19 45  7 47
 281   3  3 62  9 61 19 45  7 47
 282   0  3 62  9  3 19 45  7 47
 283   1  3 62  9  3 19 45  7 47
 284   2  3 62  9  3 19 45  7 47
 285   3  3 62  9  3 19 45  7 47
 286   0 17 15  9  3 19 45  7 47
 287   0  3 15  9  3 19 45  7 47
 288   1  3 15  9  3 19 45  7 47
 289   0 17 15  9  3 19 45  7 47
 290   1 17 15  9  3 19 45  7 47
 291   2 17 15  9  3 19 45  7 47
 292   3 17 15  9  3 19 45  7 47
 293   4 17 15  9  3 19 45  7 47
 294   5 17 15  9  3 19 45  7 47
 295   6 17 15  9  3 19 45  7 47
 296   7 17 15  9  3 19 45  7 47
 297   8 17 15  9  3 19 45  7 47
 298   9 17 15  9  3 19 45  7 47
 299   0  3 15  9  3 19 45  7 47
 300   1  3 15  9  3 19 45  7 47
 301   0 17 15  9  3 19 45  7 47
 302   1 17 15  9  3 19 45  7 47
 303   0  3 15  9  3 19 45  7 47
 304   0 17 15  9  3 19 45  7 47
 305   1 17 15  9  3 19 45  7 47
 306   2 17 15  9  3 19 45  7 47
 307   0  3 15  9  3 19 45  7 47
 308   1  3 15  9  3 19 45  7 47
 309   0  3 15  9  3 27 45  7 47
 310   1  3 15  9  3 27 45  7 47
 311   2  3 15  9  3 27 45  7 47
 312   0 17 15  9  3 27 45  7 47
 313   1 17 15  9  3 27 45  7 47
 314   2 17 15  9  3 27 45  7 47
 315   3 17 15  9  3 27 45  7 47
 316   4 17 15  9  3 27 45  7 47
 317   5 17 15  9  3 27 45  7 47
 318   6 17 15  9  3 27 45  7 47
 319   0 17 15  9  3 27 45  7 62
 320   1 17 15  9  3 27 45  7 62
 321   2 17 15  9  3 27 45  7 62
 322   0 17 15  9  3 27 45  7 47
 323   0 17 15  9  3 27 45  7 62
 324   1 17 15  9  3 27 45  7 62
 325   2 17 15  9  3 27 45  7 62
 326   3 17 15  9  3 27 45  7 62
 327   4 17 15  9  3 27 45  7 62
 328   5 17 15  9  3 27 45  7 62
 329   6 17 15  9  3 27 45  7 62
 330   7 17 15  9  3 27 45  7 62
 331   0 17 15  9  3 27 45  7 47
 332   0 17 15  9  3 27 45  7 62
 333   1 17 15  9  3 27 45  7 62
 334   2 17 15  9  3 27 45  7 62
 335   3 17 15  9  3 27 45  7 62
 336   4 17 15  9  3 27 45  7 62
 337   5 17 15  9  3 27 45  7 62
 338   6 17 15  9  3 27 45  7 62
 339   7 17 15  9  3 27 45  7 62
 340   0 17 15  9  3 27 45  7 47
 341   1 17 15  9  3 27 45  7 47
 342   0 17 15  9  3 27 45  7 62
 343   0 17 15  9  3 27 45  7 47
 344   1 17 15  9  3 27 45  7 47
 345   2 17 15  9  3 27 45  7 47
 346   3 17 15  9  3 27 45  7 47
 347   4 17 15  9  3 27 45  7 47
 348   5 17 15  9  3 27 45  7 47
 349   6 17 15  9  3 27 45  7 47
 350   7 17 15  9  3 27 45  7 47
 351   0 17 15  9  3 27 45  7 62
 352   1 17 15  9  3 27 45  7 62
 353   2 17 15  9  3 27 45  7 62
 354   3 17 15  9  3 27 45  7 62
 355   0 17 15  9  3 27 45 49 62
 356   0 17 15  9  3 27 45 49 47
 357   0 17 15  9  3 27 45 49 62
 358   1 17 15  9  3 27 45 49 62
 359   2 17 15  9  3 27 45 49 62
 360   0  3 62  9  3 27 45 49 62
 361   1  3 62  9  3 27 45 49 62
 362   2  3 62  9  3 27 45 49 62
 363   3  3 62  9  3 27 45 49 62
 364   4  3 62  9  3 27 45 49 62
 365   0  3 62 24  3 63 45 49 62
 366   0  3 62 24  3 27 45 49 62
 367   1  3 62 24  3 27 45 49 62
 368   2  3 62 24  3 27 45 49 62
 369   0  3 32 24  0 63 45 49 62
 370   1  3 32 24  0 63 45 49 62
 371   2  3 32 24  0 63 45 49 62
 372   0  3 32  9  0 27 45 49 62
 373   0  3 62  9  0 63 45 25 62
 374   0  3 62 24  3 63 45 31 62
 375   1  3 62 24  3 63 45 31 62
 376   0  3 62  9  3 63 45 31 62
 377   1  3 62  9  3 63 45 31 62
 378   2  3 62  9  3 63 45 31 62
 379   0  3 62  9  3 27 45 31 62
 380   1  3 62  9  3 27 45 31 62
 381   0  3 62 24  3 27 45 31 62
 382   1  3 62 24  3 27 45 31 62
 383   2  3 62 24  3 27 45 31 62
 384   3  3 62 24  3 27 45 31 62
 385   4  3 62 24  3 27 45 31 62
 386   5  3 62 24  3 27 45 31 62
 387   6  3 62 24  3 27 45 31 62
 388   7  3 62 24  3 27 45 31 62
 389   0  3 14 24  3 27 45 31 62
 390   1  3 14 24  3 27 45 31 62
 391   0  3 62  9  3 27 45 31 62
 392   1  3 62  9  3 27 45 31 62
 393   2  3 62  9  3 27 45 31 62
 394   3  3 62  9  3 27 45 31 62
 395   0  3 62 24  3 27 45 25 62
 396   0  3 62 24  3 27 45 31 62
 397   1  3 62 24  3 27 45 31 62
 398   2  3 62 24  3 27 45 31 62
 399   3  3 62 24  3 27 45 31 62
 400   4  3 62 24  3 27 45 31 62
 401   5  3 62 24  3 27 45 31 62
 402   6  3 62 24  3 27 45 31 62
 403   0  3 62 24  3 63 45 31 62
 404   0  3 62 24  3 63 45 25 62
 405   1  3 62 24  3 63 45 25 62
 406   2  3 62 24  3 63 45 25 62
 407   3  3 62 24  3 63 45 25 62
 408   4  3 62 24  3 63 45 25 62
 409   5  3 62 24  3 63 45 25 62
 410   6  3 62 24  3 63 45 25 62
 411   7  3 62 24  3 63 45 25 62
 412   8  3 62 24  3 63 45 25 62
 413   0  3 62 24  3 63 45 31 62
 414   0  3 62 24  3 63 45 25 62
 415   1  3 62 24  3 63 45 25 62
 416   0  3 62 24  3 63 45 31 62
 417   1  3 62 24  3 63 45 31 62
 418   2  3 62 24  3 63 45 31 62
 419   0  3 62 24  3 63 45 25 62
 420   1  3 62 24  3 63 45 25 62
 421   0  3 62 24  0 63 45 25 62
 422   1  3 62 24  0 63 45 25 62
 423   2  3 62 24  0 63 45 25 62
 424   3  3 62 24  0 63 45 25 62
 425   4  3 62 24  0 63 45 25 62
 426   5  3 62 24  0 63 45 25 62
 427   0  3 62 24  3 63 45 25 62
 428   1  3 62 24  3 63 45 25 62
 429   2  3 62 24  3 63 45 25 62
 430   3  3 62 24  3 63 45 25 62
 431   4  3 62 24  3 63 45 25 62
 432   5  3 62 24  3 63 45 25 62
 433   0  3 62 24  3 63 45 31 62
 434   1  3 62 24  3 63 45 31 62
 435   2  3 62 24  3 63 45 31 62
 436   3  3 62 24  3 63 45 31 62
 437   4  3 62 24  3 63 45 31 62
 438   5  3 62 24  3 63 45 31 62
 439   6  3 62 24  3 63 45 31 62
 440   7  3 62 24  3 63 45 31 62
 441   0  3 62 24  3 63 45 25 62
 442   1  3 62 24  3 63 45 25 62
 443   2  3 62 24  3 63 45 25 62
 444   0 30 62 24  2 27 45 25 62
 445   0 30 32 24 49 27 45 25 62
