# Table: secmatv1_2006_04_0809
# Stability threshold: 100
# Iteration threshold: 1
#
# Columns: Iteration Stability Subkey0 ... Subkey7
   1   0  0  0  0  0  0  0  0  0
   2   0 25 14 60  4  1 12  5 55
   3   0 44 49 12  4 25 52  5 20
   4   0 44 11 44 21 37 15 13 20
   5   0 44 11 14 21 62 36  5 14
   6   0 44 21 26 41 32 15 13 14
   7   0 44 21 44 15 32 15 13 14
   8   0 38 63 26 30 32 34 18 20
   9   0 38 11 26 30 32 23 40  3
  10   0 38 11 12 15 32 23 40 20
  11   0 38 11 26 15 32 23 40 20
  12   0 38 11 26 15 33 23 40 20
  13   0 38  9 26 15 47 23 40 20
  14   1 38  9 26 15 47 23 40 20
  15   0 33 10 60 21 62 57 40 20
  16   0 38 29 17 21 37 57 59 55
  17   1 38 29 17 21 37 57 59 55
  18   0 33 29 17 21 37 57 59 20
  19   0 33 55 13 21 37 41 25 20
  20   0 33 55 13 21 26 41 25 20
  21   0 33 55 50 21 16 41 25 55
  22   1 33 55 50 21 16 41 25 55
  23   2 33 55 50 21 16 41 25 55
  24   0 33 55 50 21  4 41 25 55
  25   1 33 55 50 21  4 41 25 55
  26   0 40 55 50 27 16 41 25 55
  27   1 40 55 50 27 16 41 25 55
  28   2 40 55 50 27 16 41 25 55
  29   3 40 55 50 27 16 41 25 55
  30   4 40 55 50 27 16 41 25 55
  31   5 40 55 50 27 16 41 25 55
  32   6 40 55 50 27 16 41 25 55
  33   7 40 55 50 27 16 41 25 55
  34   8 40 55 50 27 16 41 25 55
  35   0 40 55 12 27 16 41 25 55
  36   1 40 55 12 27 16 41 25 55
  37   2 40 55 12 27 16 41 25 55
  38   3 40 55 12 27 16 41 25 55
  39   0 56  8 12 27 16 41 25 55
  40   0 56  8 12 21 16 41 25 55
  41   1 56  8 12 21 16 41 25 55
  42   2 56  8 12 21 16 41 25 55
  43   0 56 55 50 27 16 41 25 39
  44   0 56 55 12 27 16 41 25 39
  45   0 56 55 50 27 16 41 25 39
  46   0 56 55 12 21 16 41 25 39
  47   0 56 42 50 21 16 41 25 39
  48   0 56  8 50 21 16 41 25 39
  49   0 56 42 60 52 16 41 25 39
  50   0 56 24 60 52 16 41 25 39
  51   1 56 24 60 52 16 41 25 39
  52   2 56 24 60 52 16 41 25 39
  53   3 56 24 60 52 16 41 25 39
  54   0 56 10 50 52 16 41 25 55
  55   0 56 24 50 52 16 41 25 39
  56   1 56 24 50 52 16 41 25 39
  57   0 56 42 50 52 16 41 25 39
  58   1 56 42 50 52 16 41 25 39
  59   2 56 42 50 52 16 41 25 39
  60   0 56 42 50 52 16 41 25 55
  61   0 56 42 50 52 16 41 25 39
  62   0 56 42 50 52 16 41 25 55
  63   0 56 10 50 52 16 41 25 55
  64   1 56 10 50 52 16 41 25 55
  65   2 56 10 50 52 16 41 25 55
  66   0 56  8 50 52 16 41 25 55
  67   1 56  8 50 52 16 41 25 55
  68   2 56  8 50 52 16 41 25 55
  69   3 56  8 50 52 16 41 25 55
  70   0 56  8 50 38 16 41 25 55
  71   0 56  8 60 38 16 41 25 55
  72   0 56  8 50 38 16 41 25 55
  73   1 56  8 50 38 16 41 25 55
  74   2 56  8 50 38 16 41 25 55
  75   3 56  8 50 38 16 41 25 55
  76   0 56  8 60 38 16 41 25 55
  77   1 56  8 60 38 16 41 25 55
  78   2 56  8 60 38 16 41 25 55
  79   3 56  8 60 38 16 41 25 55
  80   0 14  8 50 38 16 41 25 55
  81   1 14  8 50 38 16 41 25 55
  82   0 56  8 50 38 16 41 25 55
  83   0 56  8 50 38 28 41 25 55
  84   0 56  8 50 38 16 41 25 53
  85   0 56  8 59 38 16 41 25 53
  86   0 56  8 50 38 16 41 25 55
  87   0 56  8 50 38  0 41 25 53
  88   0 56 10 26 38  0 41 25 53
  89   1 56 10 26 38  0 41 25 53
  90   2 56 10 26 38  0 41 25 53
  91   3 56 10 26 38  0 41 25 53
  92   4 56 10 26 38  0 41 25 53
  93   5 56 10 26 38  0 41 25 53
  94   0 56  8 59 38  0 41 25 53
  95   0 56 10 59 38  0 41 25 53
  96   1 56 10 59 38  0 41 25 53
  97   2 56 10 59 38  0 41 25 53
  98   3 56 10 59 38  0 41 25 53
  99   4 56 10 59 38  0 41 25 53
 100   5 56 10 59 38  0 41 25 53
 101   6 56 10 59 38  0 41 25 53
 102   7 56 10 59 38  0 41 25 53
 103   0 56 10 15 38  0 41 25 53
 104   0 56 10 59 38  0 41 25 53
 105   1 56 10 59 38  0 41 25 53
 106   2 56 10 59 38  0 41 25 53
 107   3 56 10 59 38  0 41 25 53
 108   4 56 10 59 38  0 41 25 53
 109   5 56 10 59 38  0 41 25 53
 110   6 56 10 59 38  0 41 25 53
 111   7 56 10 59 38  0 41 25 53
 112   8 56 10 59 38  0 41 25 53
 113   0 56 10 59 38  0 41 25 55
 114   1 56 10 59 38  0 41 25 55
 115   0 56 10 59 38  0 13 25 55
 116   0 56 10 59 38  0 41 25 55
 117   0 56 10 59 38  0 13 25 55
 118   1 56 10 59 38  0 13 25 55
 119   0 56 10 59 38  0 41 25 55
 120   1 56 10 59 38  0 41 25 55
 121   2 56 10 59 38  0 41 25 55
 122   3 56 10 59 38  0 41 25 55
 123   4 56 10 59 38  0 41 25 55
 124   5 56 10 59 38  0 41 25 55
 125   6 56 10 59 38  0 41 25 55
 126   7 56 10 59 38  0 41 25 55
 127   8 56 10 59 38  0 41 25 55
 128   9 56 10 59 38  0 41 25 55
 129  10 56 10 59 38  0 41 25 55
 130  11 56 10 59 38  0 41 25 55
 131   0 56 10 59 38  0 13 25 55
 132   1 56 10 59 38  0 13 25 55
 133   2 56 10 59 38  0 13 25 55
 134   3 56 10 59 38  0 13 25 55
 135   4 56 10 59 38  0 13 25 55
 136   5 56 10 59 38  0 13 25 55
 137   6 56 10 59 38  0 13 25 55
 138   7 56 10 59 38  0 13 25 55
 139   8 56 10 59 38  0 13 25 55
 140   9 56 10 59 38  0 13 25 55
 141  10 56 10 59 38  0 13 25 55
 142  11 56 10 59 38  0 13 25 55
 143  12 56 10 59 38  0 13 25 55
 144  13 56 10 59 38  0 13 25 55
 145  14 56 10 59 38  0 13 25 55
 146  15 56 10 59 38  0 13 25 55
 147  16 56 10 59 38  0 13 25 55
 148  17 56 10 59 38  0 13 25 55
 149  18 56 10 59 38  0 13 25 55
 150  19 56 10 59 38  0 13 25 55
 151  20 56 10 59 38  0 13 25 55
 152  21 56 10 59 38  0 13 25 55
 153  22 56 10 59 38  0 13 25 55
 154  23 56 10 59 38  0 13 25 55
 155  24 56 10 59 38  0 13 25 55
 156  25 56 10 59 38  0 13 25 55
 157  26 56 10 59 38  0 13 25 55
 158  27 56 10 59 38  0 13 25 55
 159  28 56 10 59 38  0 13 25 55
 160  29 56 10 59 38  0 13 25 55
 161  30 56 10 59 38  0 13 25 55
 162  31 56 10 59 38  0 13 25 55
 163  32 56 10 59 38  0 13 25 55
 164  33 56 10 59 38  0 13 25 55
 165  34 56 10 59 38  0 13 25 55
 166  35 56 10 59 38  0 13 25 55
 167  36 56 10 59 38  0 13 25 55
 168  37 56 10 59 38  0 13 25 55
 169  38 56 10 59 38  0 13 25 55
 170  39 56 10 59 38  0 13 25 55
 171  40 56 10 59 38  0 13 25 55
 172  41 56 10 59 38  0 13 25 55
 173   0 56  8 59 38  0 13 25 55
 174   1 56  8 59 38  0 13 25 55
 175   2 56  8 59 38  0 13 25 55
 176   3 56  8 59 38  0 13 25 55
 177   4 56  8 59 38  0 13 25 55
 178   0 56 10 59 38  0 13 25 55
 179   0 56  8 59 38  0 13 25 55
 180   1 56  8 59 38  0 13 25 55
 181   2 56  8 59 38  0 13 25 55
 182   3 56  8 59 38  0 13 25 55
 183   4 56  8 59 38  0 13 25 55
 184   0 56  8 35 38  0 13 25 55
 185   1 56  8 35 38  0 13 25 55
 186   2 56  8 35 38  0 13 25 55
 187   3 56  8 35 38  0 13 25 55
 188   4 56  8 35 38  0 13 25 55
 189   5 56  8 35 38  0 13 25 55
 190   6 56  8 35 38  0 13 25 55
 191   7 56  8 35 38  0 13 25 55
 192   8 56  8 35 38  0 13 25 55
 193   9 56  8 35 38  0 13 25 55
 194  10 56  8 35 38  0 13 25 55
 195  11 56  8 35 38  0 13 25 55
 196  12 56  8 35 38  0 13 25 55
 197  13 56  8 35 38  0 13 25 55
 198   0 56  8 59 38  0 13 25 55
 199   1 56  8 59 38  0 13 25 55
 200   2 56  8 59 38  0 13 25 55
 201   3 56  8 59 38  0 13 25 55
 202   4 56  8 59 38  0 13 25 55
 203   5 56  8 59 38  0 13 25 55
 204   6 56  8 59 38  0 13 25 55
 205   7 56  8 59 38  0 13 25 55
 206   8 56  8 59 38  0 13 25 55
 207   9 56  8 59 38  0 13 25 55
 208  10 56  8 59 38  0 13 25 55
 209  11 56  8 59 38  0 13 25 55
 210  12 56  8 59 38  0 13 25 55
 211  13 56  8 59 38  0 13 25 55
 212  14 56  8 59 38  0 13 25 55
 213  15 56  8 59 38  0 13 25 55
 214   0 56  8 35 38  0 13 25 55
 215   1 56  8 35 38  0 13 25 55
 216   2 56  8 35 38  0 13 25 55
 217   3 56  8 35 38  0 13 25 55
 218   4 56  8 35 38  0 13 25 55
 219   5 56  8 35 38  0 13 25 55
 220   6 56  8 35 38  0 13 25 55
 221   7 56  8 35 38  0 13 25 55
 222   8 56  8 35 38  0 13 25 55
 223   9 56  8 35 38  0 13 25 55
 224  10 56  8 35 38  0 13 25 55
 225  11 56  8 35 38  0 13 25 55
 226  12 56  8 35 38  0 13 25 55
 227  13 56  8 35 38  0 13 25 55
 228  14 56  8 35 38  0 13 25 55
 229  15 56  8 35 38  0 13 25 55
 230  16 56  8 35 38  0 13 25 55
 231  17 56  8 35 38  0 13 25 55
 232  18 56  8 35 38  0 13 25 55
 233  19 56  8 35 38  0 13 25 55
 234  20 56  8 35 38  0 13 25 55
 235  21 56  8 35 38  0 13 25 55
 236  22 56  8 35 38  0 13 25 55
 237  23 56  8 35 38  0 13 25 55
 238  24 56  8 35 38  0 13 25 55
 239   0 56  8 59 38  0 13 25 55
 240   1 56  8 59 38  0 13 25 55
 241   0 56  8 35 38  0 13 25 55
 242   1 56  8 35 38  0 13 25 55
 243   2 56  8 35 38  0 13 25 55
 244   3 56  8 35 38  0 13 25 55
 245   4 56  8 35 38  0 13 25 55
 246   0 56  8 59 38  0 13 25 55
 247   1 56  8 59 38  0 13 25 55
 248   2 56  8 59 38  0 13 25 55
 249   3 56  8 59 38  0 13 25 55
 250   4 56  8 59 38  0 13 25 55
 251   5 56  8 59 38  0 13 25 55
 252   6 56  8 59 38  0 13 25 55
 253   7 56  8 59 38  0 13 25 55
 254   8 56  8 59 38  0 13 25 55
 255   9 56  8 59 38  0 13 25 55
 256  10 56  8 59 38  0 13 25 55
 257  11 56  8 59 38  0 13 25 55
 258   0 56 28 59 38  0 13 25 55
 259   1 56 28 59 38  0 13 25 55
 260   2 56 28 59 38  0 13 25 55
 261   3 56 28 59 38  0 13 25 55
 262   4 56 28 59 38  0 13 25 55
 263   5 56 28 59 38  0 13 25 55
 264   6 56 28 59 38  0 13 25 55
 265   7 56 28 59 38  0 13 25 55
 266   8 56 28 59 38  0 13 25 55
 267   9 56 28 59 38  0 13 25 55
 268  10 56 28 59 38  0 13 25 55
 269  11 56 28 59 38  0 13 25 55
 270  12 56 28 59 38  0 13 25 55
 271  13 56 28 59 38  0 13 25 55
 272  14 56 28 59 38  0 13 25 55
 273  15 56 28 59 38  0 13 25 55
 274  16 56 28 59 38  0 13 25 55
 275   0 56  8 59 38  0 13 25 55
 276   1 56  8 59 38  0 13 25 55
 277   0 56 28 59 38  0 13 25 55
 278   1 56 28 59 38  0 13 25 55
 279   2 56 28 59 38  0 13 25 55
 280   3 56 28 59 38  0 13 25 55
 281   0 56  8 59 38  0 13 25 55
 282   1 56  8 59 38  0 13 25 55
 283   2 56  8 59 38  0 13 25 55
 284   3 56  8 59 38  0 13 25 55
 285   0 56 28 59 38  0 13 25 55
 286   1 56 28 59 38  0 13 25 55
 287   2 56 28 59 38  0 13 25 55
 288   3 56 28 59 38  0 13 25 55
 289   4 56 28 59 38  0 13 25 55
 290   5 56 28 59 38  0 13 25 55
 291   6 56 28 59 38  0 13 25 55
 292   7 56 28 59 38  0 13 25 55
 293   0 56  8 59 38  0 13 25 55
 294   0 56 28 59 38  0 13 25 55
 295   1 56 28 59 38  0 13 25 55
 296   2 56 28 59 38  0 13 25 55
 297   3 56 28 59 38  0 13 25 55
 298   4 56 28 59 38  0 13 25 55
 299   5 56 28 59 38  0 13 25 55
 300   6 56 28 59 38  0 13 25 55
 301   7 56 28 59 38  0 13 25 55
 302   0 56  8 59 38  0 13 25 55
 303   1 56  8 59 38  0 13 25 55
 304   0 56 28 59 38  0 13 25 55
 305   1 56 28 59 38  0 13 25 55
 306   2 56 28 59 38  0 13 25 55
 307   3 56 28 59 38  0 13 25 55
 308   4 56 28 59 38  0 13 25 55
 309   5 56 28 59 38  0 13 25 55
 310   6 56 28 59 38  0 13 25 55
 311   7 56 28 59 38  0 13 25 55
 312   8 56 28 59 38  0 13 25 55
 313   9 56 28 59 38  0 13 25 55
 314  10 56 28 59 38  0 13 25 55
 315  11 56 28 59 38  0 13 25 55
 316  12 56 28 59 38  0 13 25 55
 317  13 56 28 59 38  0 13 25 55
 318  14 56 28 59 38  0 13 25 55
 319  15 56 28 59 38  0 13 25 55
 320  16 56 28 59 38  0 13 25 55
 321  17 56 28 59 38  0 13 25 55
 322  18 56 28 59 38  0 13 25 55
 323  19 56 28 59 38  0 13 25 55
 324  20 56 28 59 38  0 13 25 55
 325  21 56 28 59 38  0 13 25 55
 326  22 56 28 59 38  0 13 25 55
 327  23 56 28 59 38  0 13 25 55
 328  24 56 28 59 38  0 13 25 55
 329  25 56 28 59 38  0 13 25 55
 330  26 56 28 59 38  0 13 25 55
 331  27 56 28 59 38  0 13 25 55
 332  28 56 28 59 38  0 13 25 55
 333  29 56 28 59 38  0 13 25 55
 334  30 56 28 59 38  0 13 25 55
 335  31 56 28 59 38  0 13 25 55
 336  32 56 28 59 38  0 13 25 55
 337  33 56 28 59 38  0 13 25 55
 338   0 56 62 59 38  0 13 25 55
 339   1 56 62 59 38  0 13 25 55
 340   2 56 62 59 38  0 13 25 55
 341   3 56 62 59 38  0 13 25 55
 342   4 56 62 59 38  0 13 25 55
 343   5 56 62 59 38  0 13 25 55
 344   6 56 62 59 38  0 13 25 55
 345   7 56 62 59 38  0 13 25 55
 346   8 56 62 59 38  0 13 25 55
 347   9 56 62 59 38  0 13 25 55
 348  10 56 62 59 38  0 13 25 55
 349  11 56 62 59 38  0 13 25 55
 350  12 56 62 59 38  0 13 25 55
 351  13 56 62 59 38  0 13 25 55
 352  14 56 62 59 38  0 13 25 55
 353  15 56 62 59 38  0 13 25 55
 354  16 56 62 59 38  0 13 25 55
 355  17 56 62 59 38  0 13 25 55
 356  18 56 62 59 38  0 13 25 55
 357  19 56 62 59 38  0 13 25 55
 358  20 56 62 59 38  0 13 25 55
 359  21 56 62 59 38  0 13 25 55
 360  22 56 62 59 38  0 13 25 55
 361  23 56 62 59 38  0 13 25 55
 362  24 56 62 59 38  0 13 25 55
 363  25 56 62 59 38  0 13 25 55
 364  26 56 62 59 38  0 13 25 55
 365  27 56 62 59 38  0 13 25 55
 366   0 56 28 59 38  0 13 25 55
 367   1 56 28 59 38  0 13 25 55
 368   2 56 28 59 38  0 13 25 55
 369   0 56 62 59 38  0 13 25 55
 370   0 56 28 59 38  0 13 25 55
 371   0 56 62 59 38  0 13 25 55
 372   1 56 62 59 38  0 13 25 55
 373   2 56 62 59 38  0 13 25 55
 374   3 56 62 59 38  0 13 25 55
 375   4 56 62 59 38  0 13 25 55
 376   5 56 62 59 38  0 13 25 55
 377   6 56 62 59 38  0 13 25 55
 378   7 56 62 59 38  0 13 25 55
 379   8 56 62 59 38  0 13 25 55
 380   9 56 62 59 38  0 13 25 55
 381  10 56 62 59 38  0 13 25 55
 382  11 56 62 59 38  0 13 25 55
 383  12 56 62 59 38  0 13 25 55
 384  13 56 62 59 38  0 13 25 55
 385  14 56 62 59 38  0 13 25 55
 386  15 56 62 59 38  0 13 25 55
 387  16 56 62 59 38  0 13 25 55
 388  17 56 62 59 38  0 13 25 55
 389  18 56 62 59 38  0 13 25 55
 390  19 56 62 59 38  0 13 25 55
 391  20 56 62 59 38  0 13 25 55
 392  21 56 62 59 38  0 13 25 55
 393  22 56 62 59 38  0 13 25 55
 394  23 56 62 59 38  0 13 25 55
 395  24 56 62 59 38  0 13 25 55
 396  25 56 62 59 38  0 13 25 55
 397  26 56 62 59 38  0 13 25 55
 398  27 56 62 59 38  0 13 25 55
 399  28 56 62 59 38  0 13 25 55
 400  29 56 62 59 38  0 13 25 55
 401  30 56 62 59 38  0 13 25 55
 402  31 56 62 59 38  0 13 25 55
 403  32 56 62 59 38  0 13 25 55
 404  33 56 62 59 38  0 13 25 55
 405  34 56 62 59 38  0 13 25 55
 406  35 56 62 59 38  0 13 25 55
 407  36 56 62 59 38  0 13 25 55
 408  37 56 62 59 38  0 13 25 55
 409  38 56 62 59 38  0 13 25 55
 410  39 56 62 59 38  0 13 25 55
 411  40 56 62 59 38  0 13 25 55
 412  41 56 62 59 38  0 13 25 55
 413  42 56 62 59 38  0 13 25 55
 414  43 56 62 59 38  0 13 25 55
 415  44 56 62 59 38  0 13 25 55
 416  45 56 62 59 38  0 13 25 55
 417  46 56 62 59 38  0 13 25 55
 418  47 56 62 59 38  0 13 25 55
 419  48 56 62 59 38  0 13 25 55
 420  49 56 62 59 38  0 13 25 55
 421  50 56 62 59 38  0 13 25 55
 422  51 56 62 59 38  0 13 25 55
 423  52 56 62 59 38  0 13 25 55
 424  53 56 62 59 38  0 13 25 55
 425  54 56 62 59 38  0 13 25 55
 426  55 56 62 59 38  0 13 25 55
 427  56 56 62 59 38  0 13 25 55
 428  57 56 62 59 38  0 13 25 55
 429  58 56 62 59 38  0 13 25 55
 430  59 56 62 59 38  0 13 25 55
 431  60 56 62 59 38  0 13 25 55
 432  61 56 62 59 38  0 13 25 55
 433  62 56 62 59 38  0 13 25 55
 434  63 56 62 59 38  0 13 25 55
 435  64 56 62 59 38  0 13 25 55
 436  65 56 62 59 38  0 13 25 55
 437  66 56 62 59 38  0 13 25 55
 438  67 56 62 59 38  0 13 25 55
 439  68 56 62 59 38  0 13 25 55
 440  69 56 62 59 38  0 13 25 55
 441  70 56 62 59 38  0 13 25 55
 442  71 56 62 59 38  0 13 25 55
 443  72 56 62 59 38  0 13 25 55
 444  73 56 62 59 38  0 13 25 55
 445  74 56 62 59 38  0 13 25 55
 446  75 56 62 59 38  0 13 25 55
 447  76 56 62 59 38  0 13 25 55
 448  77 56 62 59 38  0 13 25 55
 449  78 56 62 59 38  0 13 25 55
 450  79 56 62 59 38  0 13 25 55
 451  80 56 62 59 38  0 13 25 55
 452  81 56 62 59 38  0 13 25 55
 453  82 56 62 59 38  0 13 25 55
 454  83 56 62 59 38  0 13 25 55
 455  84 56 62 59 38  0 13 25 55
 456  85 56 62 59 38  0 13 25 55
 457  86 56 62 59 38  0 13 25 55
 458  87 56 62 59 38  0 13 25 55
 459  88 56 62 59 38  0 13 25 55
 460  89 56 62 59 38  0 13 25 55
 461  90 56 62 59 38  0 13 25 55
 462  91 56 62 59 38  0 13 25 55
 463  92 56 62 59 38  0 13 25 55
 464  93 56 62 59 38  0 13 25 55
 465  94 56 62 59 38  0 13 25 55
 466  95 56 62 59 38  0 13 25 55
 467  96 56 62 59 38  0 13 25 55
 468  97 56 62 59 38  0 13 25 55
 469  98 56 62 59 38  0 13 25 55
 470  99 56 62 59 38  0 13 25 55
 471 100 56 62 59 38  0 13 25 55
 472 101 56 62 59 38  0 13 25 55
 473 102 56 62 59 38  0 13 25 55
 474 103 56 62 59 38  0 13 25 55
 475 104 56 62 59 38  0 13 25 55
 476 105 56 62 59 38  0 13 25 55
 477 106 56 62 59 38  0 13 25 55
 478   0 56 29 59 38  0 13 25 55
 479   1 56 29 59 38  0 13 25 55
 480   2 56 29 59 38  0 13 25 55
 481   3 56 29 59 38  0 13 25 55
 482   4 56 29 59 38  0 13 25 55
 483   0 56 42 59 38  0 13 25 55
 484   1 56 42 59 38  0 13 25 55
 485   0 56 62 59 38  0 13 25 55
 486   0 56 42 59 38  0 13 25 55
 487   1 56 42 59 38  0 13 25 55
 488   0 56 29 59 38  0 13 25 55
 489   1 56 29 59 38  0 13 25 55
 490   2 56 29 59 38  0 13 25 55
 491   3 56 29 59 38  0 13 25 55
 492   4 56 29 59 38  0 13 25 55
 493   5 56 29 59 38  0 13 25 55
 494   6 56 29 59 38  0 13 25 55
 495   7 56 29 59 38  0 13 25 55
 496   8 56 29 59 38  0 13 25 55
 497   9 56 29 59 38  0 13 25 55
 498  10 56 29 59 38  0 13 25 55
 499  11 56 29 59 38  0 13 25 55
 500  12 56 29 59 38  0 13 25 55
 501  13 56 29 59 38  0 13 25 55
 502  14 56 29 59 38  0 13 25 55
 503  15 56 29 59 38  0 13 25 55
 504  16 56 29 59 38  0 13 25 55
 505  17 56 29 59 38  0 13 25 55
 506  18 56 29 59 38  0 13 25 55
 507  19 56 29 59 38  0 13 25 55
 508  20 56 29 59 38  0 13 25 55
 509  21 56 29 59 38  0 13 25 55
 510   0 56 62 59 38  0 13 25 55
 511   1 56 62 59 38  0 13 25 55
 512   0 56 45 59 38  0 13 25 55
 513   1 56 45 59 38  0 13 25 55
 514   2 56 45 59 38  0 13 25 55
 515   3 56 45 59 38  0 13 25 55
 516   4 56 45 59 38  0 13 25 55
 517   5 56 45 59 38  0 13 25 55
 518   6 56 45 59 38  0 13 25 55
 519   7 56 45 59 38  0 13 25 55
 520   8 56 45 59 38  0 13 25 55
 521   9 56 45 59 38  0 13 25 55
 522  10 56 45 59 38  0 13 25 55
 523  11 56 45 59 38  0 13 25 55
 524  12 56 45 59 38  0 13 25 55
 525  13 56 45 59 38  0 13 25 55
 526  14 56 45 59 38  0 13 25 55
 527  15 56 45 59 38  0 13 25 55
 528  16 56 45 59 38  0 13 25 55
 529  17 56 45 59 38  0 13 25 55
 530  18 56 45 59 38  0 13 25 55
 531  19 56 45 59 38  0 13 25 55
 532  20 56 45 59 38  0 13 25 55
 533  21 56 45 59 38  0 13 25 55
 534  22 56 45 59 38  0 13 25 55
 535  23 56 45 59 38  0 13 25 55
 536  24 56 45 59 38  0 13 25 55
 537  25 56 45 59 38  0 13 25 55
 538  26 56 45 59 38  0 13 25 55
 539  27 56 45 59 38  0 13 25 55
 540  28 56 45 59 38  0 13 25 55
 541  29 56 45 59 38  0 13 25 55
 542  30 56 45 59 38  0 13 25 55
 543  31 56 45 59 38  0 13 25 55
 544  32 56 45 59 38  0 13 25 55
 545  33 56 45 59 38  0 13 25 55
 546  34 56 45 59 38  0 13 25 55
 547  35 56 45 59 38  0 13 25 55
 548  36 56 45 59 38  0 13 25 55
 549  37 56 45 59 38  0 13 25 55
 550  38 56 45 59 38  0 13 25 55
 551  39 56 45 59 38  0 13 25 55
 552  40 56 45 59 38  0 13 25 55
 553  41 56 45 59 38  0 13 25 55
 554  42 56 45 59 38  0 13 25 55
 555  43 56 45 59 38  0 13 25 55
 556  44 56 45 59 38  0 13 25 55
 557  45 56 45 59 38  0 13 25 55
 558  46 56 45 59 38  0 13 25 55
 559  47 56 45 59 38  0 13 25 55
 560  48 56 45 59 38  0 13 25 55
 561  49 56 45 59 38  0 13 25 55
 562  50 56 45 59 38  0 13 25 55
 563  51 56 45 59 38  0 13 25 55
 564  52 56 45 59 38  0 13 25 55
 565  53 56 45 59 38  0 13 25 55
 566  54 56 45 59 38  0 13 25 55
 567  55 56 45 59 38  0 13 25 55
 568  56 56 45 59 38  0 13 25 55
 569  57 56 45 59 38  0 13 25 55
 570  58 56 45 59 38  0 13 25 55
 571  59 56 45 59 38  0 13 25 55
 572  60 56 45 59 38  0 13 25 55
 573  61 56 45 59 38  0 13 25 55
 574  62 56 45 59 38  0 13 25 55
 575  63 56 45 59 38  0 13 25 55
 576  64 56 45 59 38  0 13 25 55
 577  65 56 45 59 38  0 13 25 55
 578  66 56 45 59 38  0 13 25 55
 579  67 56 45 59 38  0 13 25 55
 580  68 56 45 59 38  0 13 25 55
 581  69 56 45 59 38  0 13 25 55
 582  70 56 45 59 38  0 13 25 55
 583  71 56 45 59 38  0 13 25 55
 584  72 56 45 59 38  0 13 25 55
 585  73 56 45 59 38  0 13 25 55
 586  74 56 45 59 38  0 13 25 55
 587  75 56 45 59 38  0 13 25 55
 588  76 56 45 59 38  0 13 25 55
 589  77 56 45 59 38  0 13 25 55
 590  78 56 45 59 38  0 13 25 55
 591  79 56 45 59 38  0 13 25 55
 592  80 56 45 59 38  0 13 25 55
 593  81 56 45 59 38  0 13 25 55
 594  82 56 45 59 38  0 13 25 55
 595  83 56 45 59 38  0 13 25 55
 596  84 56 45 59 38  0 13 25 55
 597  85 56 45 59 38  0 13 25 55
 598  86 56 45 59 38  0 13 25 55
 599  87 56 45 59 38  0 13 25 55
 600  88 56 45 59 38  0 13 25 55
 601  89 56 45 59 38  0 13 25 55
 602  90 56 45 59 38  0 13 25 55
 603  91 56 45 59 38  0 13 25 55
 604  92 56 45 59 38  0 13 25 55
 605  93 56 45 59 38  0 13 25 55
 606  94 56 45 59 38  0 13 25 55
 607  95 56 45 59 38  0 13 25 55
 608  96 56 45 59 38  0 13 25 55
 609  97 56 45 59 38  0 13 25 55
 610  98 56 45 59 38  0 13 25 55
 611  99 56 45 59 38  0 13 25 55
 612 100 56 45 59 38  0 13 25 55
 613 101 56 45 59 38  0 13 25 55
 614 102 56 45 59 38  0 13 25 55
 615 103 56 45 59 38  0 13 25 55
 616 104 56 45 59 38  0 13 25 55
 617 105 56 45 59 38  0 13 25 55
 618 106 56 45 59 38  0 13 25 55
 619 107 56 45 59 38  0 13 25 55
 620 108 56 45 59 38  0 13 25 55
 621 109 56 45 59 38  0 13 25 55
 622 110 56 45 59 38  0 13 25 55
 623 111 56 45 59 38  0 13 25 55
 624 112 56 45 59 38  0 13 25 55
 625 113 56 45 59 38  0 13 25 55
 626 114 56 45 59 38  0 13 25 55
 627 115 56 45 59 38  0 13 25 55
 628 116 56 45 59 38  0 13 25 55
 629 117 56 45 59 38  0 13 25 55
 630 118 56 45 59 38  0 13 25 55
 631 119 56 45 59 38  0 13 25 55
 632 120 56 45 59 38  0 13 25 55
 633 121 56 45 59 38  0 13 25 55
 634 122 56 45 59 38  0 13 25 55
 635 123 56 45 59 38  0 13 25 55
 636 124 56 45 59 38  0 13 25 55
 637 125 56 45 59 38  0 13 25 55
 638 126 56 45 59 38  0 13 25 55
 639 127 56 45 59 38  0 13 25 55
 640 128 56 45 59 38  0 13 25 55
 641 129 56 45 59 38  0 13 25 55
 642 130 56 45 59 38  0 13 25 55
 643 131 56 45 59 38  0 13 25 55
 644 132 56 45 59 38  0 13 25 55
 645 133 56 45 59 38  0 13 25 55
 646 134 56 45 59 38  0 13 25 55
 647 135 56 45 59 38  0 13 25 55
 648 136 56 45 59 38  0 13 25 55
 649 137 56 45 59 38  0 13 25 55
 650 138 56 45 59 38  0 13 25 55
 651 139 56 45 59 38  0 13 25 55
 652 140 56 45 59 38  0 13 25 55
 653 141 56 45 59 38  0 13 25 55
 654 142 56 45 59 38  0 13 25 55
 655 143 56 45 59 38  0 13 25 55
 656 144 56 45 59 38  0 13 25 55
 657 145 56 45 59 38  0 13 25 55
 658 146 56 45 59 38  0 13 25 55
 659 147 56 45 59 38  0 13 25 55
 660 148 56 45 59 38  0 13 25 55
 661 149 56 45 59 38  0 13 25 55
 662 150 56 45 59 38  0 13 25 55
 663 151 56 45 59 38  0 13 25 55
 664 152 56 45 59 38  0 13 25 55
 665 153 56 45 59 38  0 13 25 55
 666 154 56 45 59 38  0 13 25 55
 667 155 56 45 59 38  0 13 25 55
 668 156 56 45 59 38  0 13 25 55
 669 157 56 45 59 38  0 13 25 55
 670 158 56 45 59 38  0 13 25 55
 671 159 56 45 59 38  0 13 25 55
 672 160 56 45 59 38  0 13 25 55
 673 161 56 45 59 38  0 13 25 55
 674 162 56 45 59 38  0 13 25 55
 675 163 56 45 59 38  0 13 25 55
 676 164 56 45 59 38  0 13 25 55
 677 165 56 45 59 38  0 13 25 55
 678 166 56 45 59 38  0 13 25 55
 679 167 56 45 59 38  0 13 25 55
 680 168 56 45 59 38  0 13 25 55
 681 169 56 45 59 38  0 13 25 55
 682 170 56 45 59 38  0 13 25 55
 683 171 56 45 59 38  0 13 25 55
 684 172 56 45 59 38  0 13 25 55
 685 173 56 45 59 38  0 13 25 55
 686 174 56 45 59 38  0 13 25 55
 687 175 56 45 59 38  0 13 25 55
 688 176 56 45 59 38  0 13 25 55
 689 177 56 45 59 38  0 13 25 55
 690 178 56 45 59 38  0 13 25 55
 691 179 56 45 59 38  0 13 25 55
 692 180 56 45 59 38  0 13 25 55
 693 181 56 45 59 38  0 13 25 55
 694 182 56 45 59 38  0 13 25 55
 695 183 56 45 59 38  0 13 25 55
 696 184 56 45 59 38  0 13 25 55
 697 185 56 45 59 38  0 13 25 55
 698 186 56 45 59 38  0 13 25 55
 699 187 56 45 59 38  0 13 25 55
 700 188 56 45 59 38  0 13 25 55
 701 189 56 45 59 38  0 13 25 55
 702 190 56 45 59 38  0 13 25 55
 703 191 56 45 59 38  0 13 25 55
 704 192 56 45 59 38  0 13 25 55
 705 193 56 45 59 38  0 13 25 55
 706 194 56 45 59 38  0 13 25 55
 707 195 56 45 59 38  0 13 25 55
 708 196 56 45 59 38  0 13 25 55
 709 197 56 45 59 38  0 13 25 55
 710 198 56 45 59 38  0 13 25 55
 711 199 56 45 59 38  0 13 25 55
 712 200 56 45 59 38  0 13 25 55
 713 201 56 45 59 38  0 13 25 55
 714 202 56 45 59 38  0 13 25 55
 715 203 56 45 59 38  0 13 25 55
 716 204 56 45 59 38  0 13 25 55
 717 205 56 45 59 38  0 13 25 55
 718 206 56 45 59 38  0 13 25 55
 719 207 56 45 59 38  0 13 25 55
 720 208 56 45 59 38  0 13 25 55
 721 209 56 45 59 38  0 13 25 55
 722 210 56 45 59 38  0 13 25 55
 723 211 56 45 59 38  0 13 25 55
 724 212 56 45 59 38  0 13 25 55
 725 213 56 45 59 38  0 13 25 55
 726 214 56 45 59 38  0 13 25 55
 727 215 56 45 59 38  0 13 25 55
 728 216 56 45 59 38  0 13 25 55
 729 217 56 45 59 38  0 13 25 55
 730 218 56 45 59 38  0 13 25 55
 731 219 56 45 59 38  0 13 25 55
 732 220 56 45 59 38  0 13 25 55
 733 221 56 45 59 38  0 13 25 55
 734 222 56 45 59 38  0 13 25 55
 735 223 56 45 59 38  0 13 25 55
 736 224 56 45 59 38  0 13 25 55
 737 225 56 45 59 38  0 13 25 55
 738 226 56 45 59 38  0 13 25 55
 739 227 56 45 59 38  0 13 25 55
 740 228 56 45 59 38  0 13 25 55
 741 229 56 45 59 38  0 13 25 55
 742 230 56 45 59 38  0 13 25 55
 743 231 56 45 59 38  0 13 25 55
 744 232 56 45 59 38  0 13 25 55
 745 233 56 45 59 38  0 13 25 55
 746 234 56 45 59 38  0 13 25 55
 747 235 56 45 59 38  0 13 25 55
 748 236 56 45 59 38  0 13 25 55
 749 237 56 45 59 38  0 13 25 55
 750 238 56 45 59 38  0 13 25 55
 751 239 56 45 59 38  0 13 25 55
 752 240 56 45 59 38  0 13 25 55
 753 241 56 45 59 38  0 13 25 55
 754 242 56 45 59 38  0 13 25 55
 755 243 56 45 59 38  0 13 25 55
 756 244 56 45 59 38  0 13 25 55
 757 245 56 45 59 38  0 13 25 55
 758 246 56 45 59 38  0 13 25 55
 759 247 56 45 59 38  0 13 25 55
 760 248 56 45 59 38  0 13 25 55
 761 249 56 45 59 38  0 13 25 55
 762 250 56 45 59 38  0 13 25 55
 763 251 56 45 59 38  0 13 25 55
 764 252 56 45 59 38  0 13 25 55
 765 253 56 45 59 38  0 13 25 55
 766 254 56 45 59 38  0 13 25 55
 767 255 56 45 59 38  0 13 25 55
 768 256 56 45 59 38  0 13 25 55
 769 257 56 45 59 38  0 13 25 55
 770 258 56 45 59 38  0 13 25 55
 771   0 56 11 59 38  0 13 25 55
 772   1 56 11 59 38  0 13 25 55
 773   2 56 11 59 38  0 13 25 55
 774   3 56 11 59 38  0 13 25 55
 775   4 56 11 59 38  0 13 25 55
 776   5 56 11 59 38  0 13 25 55
 777   6 56 11 59 38  0 13 25 55
 778   7 56 11 59 38  0 13 25 55
 779   8 56 11 59 38  0 13 25 55
 780   9 56 11 59 38  0 13 25 55
 781  10 56 11 59 38  0 13 25 55
 782  11 56 11 59 38  0 13 25 55
 783   0 56 45 59 38  0 13 25 55
 784   1 56 45 59 38  0 13 25 55
 785   2 56 45 59 38  0 13 25 55
 786   3 56 45 59 38  0 13 25 55
 787   4 56 45 59 38  0 13 25 55
 788   5 56 45 59 38  0 13 25 55
 789   6 56 45 59 38  0 13 25 55
 790   0 56 11 59 38  0 13 25 55
 791   1 56 11 59 38  0 13 25 55
 792   2 56 11 59 38  0 13 25 55
 793   3 56 11 59 38  0 13 25 55
 794   4 56 11 59 38  0 13 25 55
 795   5 56 11 59 38  0 13 25 55
 796   0 56 45 59 38  0 13 25 55
 797   1 56 45 59 38  0 13 25 55
 798   0 56 11 59 38  0 13 25 55
 799   1 56 11 59 38  0 13 25 55
 800   2 56 11 59 38  0 13 25 55
 801   3 56 11 59 38  0 13 25 55
 802   4 56 11 59 38  0 13 25 55
 803   5 56 11 59 38  0 13 25 55
 804   6 56 11 59 38  0 13 25 55
 805   7 56 11 59 38  0 13 25 55
 806   8 56 11 59 38  0 13 25 55
 807   9 56 11 59 38  0 13 25 55
 808  10 56 11 59 38  0 13 25 55
 809  11 56 11 59 38  0 13 25 55
 810  12 56 11 59 38  0 13 25 55
 811  13 56 11 59 38  0 13 25 55
 812  14 56 11 59 38  0 13 25 55
 813  15 56 11 59 38  0 13 25 55
 814  16 56 11 59 38  0 13 25 55
 815  17 56 11 59 38  0 13 25 55
 816  18 56 11 59 38  0 13 25 55
 817  19 56 11 59 38  0 13 25 55
 818  20 56 11 59 38  0 13 25 55
 819  21 56 11 59 38  0 13 25 55
 820  22 56 11 59 38  0 13 25 55
 821  23 56 11 59 38  0 13 25 55
 822  24 56 11 59 38  0 13 25 55
 823  25 56 11 59 38  0 13 25 55
 824  26 56 11 59 38  0 13 25 55
 825  27 56 11 59 38  0 13 25 55
 826   0 56 45 59 38  0 13 25 55
 827   0 56 11 59 38  0 13 25 55
 828   0 56 45 59 38  0 13 25 55
 829   1 56 45 59 38  0 13 25 55
 830   2 56 45 59 38  0 13 25 55
 831   3 56 45 59 38  0 13 25 55
 832   0 56 11 59 38  0 13 25 55
 833   1 56 11 59 38  0 13 25 55
 834   2 56 11 59 38  0 13 25 55
 835   3 56 11 59 38  0 13 25 55
 836   4 56 11 59 38  0 13 25 55
 837   5 56 11 59 38  0 13 25 55
 838   6 56 11 59 38  0 13 25 55
 839   7 56 11 59 38  0 13 25 55
 840   8 56 11 59 38  0 13 25 55
 841   9 56 11 59 38  0 13 25 55
 842  10 56 11 59 38  0 13 25 55
 843  11 56 11 59 38  0 13 25 55
 844  12 56 11 59 38  0 13 25 55
 845  13 56 11 59 38  0 13 25 55
 846  14 56 11 59 38  0 13 25 55
 847  15 56 11 59 38  0 13 25 55
 848  16 56 11 59 38  0 13 25 55
 849  17 56 11 59 38  0 13 25 55
 850  18 56 11 59 38  0 13 25 55
 851  19 56 11 59 38  0 13 25 55
 852  20 56 11 59 38  0 13 25 55
 853  21 56 11 59 38  0 13 25 55
 854  22 56 11 59 38  0 13 25 55
 855  23 56 11 59 38  0 13 25 55
 856  24 56 11 59 38  0 13 25 55
 857  25 56 11 59 38  0 13 25 55
 858  26 56 11 59 38  0 13 25 55
 859  27 56 11 59 38  0 13 25 55
 860  28 56 11 59 38  0 13 25 55
 861  29 56 11 59 38  0 13 25 55
 862  30 56 11 59 38  0 13 25 55
 863  31 56 11 59 38  0 13 25 55
 864  32 56 11 59 38  0 13 25 55
 865  33 56 11 59 38  0 13 25 55
 866  34 56 11 59 38  0 13 25 55
 867  35 56 11 59 38  0 13 25 55
 868  36 56 11 59 38  0 13 25 55
 869  37 56 11 59 38  0 13 25 55
 870  38 56 11 59 38  0 13 25 55
 871  39 56 11 59 38  0 13 25 55
 872  40 56 11 59 38  0 13 25 55
 873  41 56 11 59 38  0 13 25 55
 874  42 56 11 59 38  0 13 25 55
 875  43 56 11 59 38  0 13 25 55
 876  44 56 11 59 38  0 13 25 55
 877  45 56 11 59 38  0 13 25 55
 878  46 56 11 59 38  0 13 25 55
 879  47 56 11 59 38  0 13 25 55
 880  48 56 11 59 38  0 13 25 55
 881  49 56 11 59 38  0 13 25 55
 882  50 56 11 59 38  0 13 25 55
 883  51 56 11 59 38  0 13 25 55
 884  52 56 11 59 38  0 13 25 55
 885  53 56 11 59 38  0 13 25 55
 886  54 56 11 59 38  0 13 25 55
 887  55 56 11 59 38  0 13 25 55
 888  56 56 11 59 38  0 13 25 55
 889  57 56 11 59 38  0 13 25 55
 890  58 56 11 59 38  0 13 25 55
 891  59 56 11 59 38  0 13 25 55
 892  60 56 11 59 38  0 13 25 55
 893  61 56 11 59 38  0 13 25 55
 894  62 56 11 59 38  0 13 25 55
 895  63 56 11 59 38  0 13 25 55
 896  64 56 11 59 38  0 13 25 55
 897  65 56 11 59 38  0 13 25 55
 898  66 56 11 59 38  0 13 25 55
 899  67 56 11 59 38  0 13 25 55
 900  68 56 11 59 38  0 13 25 55
 901  69 56 11 59 38  0 13 25 55
 902  70 56 11 59 38  0 13 25 55
 903  71 56 11 59 38  0 13 25 55
 904  72 56 11 59 38  0 13 25 55
 905  73 56 11 59 38  0 13 25 55
 906  74 56 11 59 38  0 13 25 55
 907  75 56 11 59 38  0 13 25 55
 908  76 56 11 59 38  0 13 25 55
 909  77 56 11 59 38  0 13 25 55
 910  78 56 11 59 38  0 13 25 55
 911  79 56 11 59 38  0 13 25 55
 912  80 56 11 59 38  0 13 25 55
 913  81 56 11 59 38  0 13 25 55
 914  82 56 11 59 38  0 13 25 55
 915  83 56 11 59 38  0 13 25 55
 916  84 56 11 59 38  0 13 25 55
 917  85 56 11 59 38  0 13 25 55
 918  86 56 11 59 38  0 13 25 55
 919  87 56 11 59 38  0 13 25 55
 920  88 56 11 59 38  0 13 25 55
 921  89 56 11 59 38  0 13 25 55
 922  90 56 11 59 38  0 13 25 55
 923  91 56 11 59 38  0 13 25 55
 924  92 56 11 59 38  0 13 25 55
 925  93 56 11 59 38  0 13 25 55
 926  94 56 11 59 38  0 13 25 55
 927  95 56 11 59 38  0 13 25 55
 928  96 56 11 59 38  0 13 25 55
 929  97 56 11 59 38  0 13 25 55
 930  98 56 11 59 38  0 13 25 55
 931  99 56 11 59 38  0 13 25 55
 932 100 56 11 59 38  0 13 25 55
# Key: 0x6a64786a64786a64L

