# Table: secmatv1_2006_04_0809
# Stability threshold: 100
# Iteration threshold: 1
#
# Columns: Iteration Stability Subkey0 ... Subkey7
   1   0  0  0  0  0  0  0  0  0
   2   0 25 23 10 38 17 17 32 33
   3   0 56 23 10 50 25 22 33 19
   4   0 56  2 10 10  0 22 33 19
   5   0 56  2 46 10  5 22 33 19
   6   0 56 42 10 10  5 22 47 13
   7   0 15  2 10 38  0 44 47 19
   8   0 25  2 10 38  0 44 47 19
   9   0  5  2  4 38  0 44 47 42
  10   0  6  2 13 38 47 35 47 42
  11   1  6  2 13 38 47 35 47 42
  12   0 15 12  3 38  5 17 26 42
  13   0  3 22  3 38  5 17 26 42
  14   1  3 22  3 38  5 17 26 42
  15   2  3 22  3 38  5 17 26 42
  16   0 63 57 10 27  5 17 26 42
  17   0  1 57 10 60  5 17 26 25
  18   1  1 57 10 60  5 17 26 25
  19   2  1 57 10 60  5 17 26 25
  20   0  6 57 31 60  0 38 47 25
  21   0 56 57  3 48  0 38 47 25
  22   0  6 57  3 48  0 38 44 25
  23   0  6 57  3 48  0 38 47 25
  24   0 56 57  3 48 55 38 32 25
  25   0 56 57 52 60 55 13 26 54
  26   0 56 57 31 60 55 13 26 54
  27   0 56 57 52 60 55 13 26 54
  28   0 56 57 52 47 55 13  3 54
  29   0 56 22 52 47 55 38  3 25
  30   1 56 22 52 47 55 38  3 25
  31   0 56 22 57 48 55 13  3 25
  32   0 56 22 57 19 55 13  3 25
  33   0 56 22  5 19 55 13  3 25
  34   0 56 22 57 48  0 13  3 25
  35   0 56 22 57 48  0 13 17 25
  36   0 56 22 57 48  0 13  3 25
  37   1 56 22 57 48  0 13  3 25
  38   2 56 22 57 48  0 13  3 25
  39   3 56 22 57 48  0 13  3 25
  40   4 56 22 57 48  0 13  3 25
  41   0 56 22  1 48  0 13 52 25
  42   1 56 22  1 48  0 13 52 25
  43   0 56 22 34 48  0 13 52 25
  44   1 56 22 34 48  0 13 52 25
  45   0 56 22  7 48  0 13 52 25
  46   1 56 22  7 48  0 13 52 25
  47   0 56 22  7 48  0 13 12 25
  48   1 56 22  7 48  0 13 12 25
  49   0 56 22  7 48  0 13  9 25
  50   0 56 22  7 48  0 13 12 25
  51   0 56 22  7 48  0 13  9 25
  52   0 56 22  7 48  0 13 12 25
  53   0 56 22 32 48  0 13  3 25
  54   0 56 22 54 48  0 13  9 44
  55   0 56 41 54 48  0 13  3 11
  56   0 56 22  7 48  0 13 34 25
  57   1 56 22  7 48  0 13 34 25
  58   2 56 22  7 48  0 13 34 25
  59   0 56 22  7 48  0 13 24 25
  60   1 56 22  7 48  0 13 24 25
  61   0 56 22  0 23  0 13 34 55
  62   0 56 22  0 23  0 13 17 55
  63   0 56 22  7 23  0 13 17 55
  64   1 56 22  7 23  0 13 17 55
  65   0 56 22 57 52  0 13 34 55
  66   1 56 22 57 52  0 13 34 55
  67   2 56 22 57 52  0 13 34 55
  68   0 56 22 57 52  0 13 12 55
  69   0 56 22 57 52  0 13 34 55
  70   1 56 22 57 52  0 13 34 55
  71   0 56 22  7 52  0 13 34 55
  72   1 56 22  7 52  0 13 34 55
  73   2 56 22  7 52  0 13 34 55
  74   3 56 22  7 52  0 13 34 55
  75   4 56 22  7 52  0 13 34 55
  76   0 56 22 59 52  0 13 34 55
  77   1 56 22 59 52  0 13 34 55
  78   2 56 22 59 52  0 13 34 55
  79   3 56 22 59 52  0 13 34 55
  80   4 56 22 59 52  0 13 34 55
  81   5 56 22 59 52  0 13 34 55
  82   6 56 22 59 52  0 13 34 55
  83   7 56 22 59 52  0 13 34 55
  84   8 56 22 59 52  0 13 34 55
  85   9 56 22 59 52  0 13 34 55
  86  10 56 22 59 52  0 13 34 55
  87   0 56 22 59 52  0 13 12 55
  88   1 56 22 59 52  0 13 12 55
  89   0 56 39 59 52  0 13 12 55
  90   1 56 39 59 52  0 13 12 55
  91   2 56 39 59 52  0 13 12 55
  92   3 56 39 59 52  0 13 12 55
  93   4 56 39 59 52  0 13 12 55
  94   5 56 39 59 52  0 13 12 55
  95   6 56 39 59 52  0 13 12 55
  96   0 56 39 59 62  0 13 12 55
  97   1 56 39 59 62  0 13 12 55
  98   2 56 39 59 62  0 13 12 55
  99   3 56 39 59 62  0 13 12 55
 100   0 56 22 59 62  0 13 12 55
 101   1 56 22 59 62  0 13 12 55
 102   0 56 39 59 50  0 13 25 55
 103   1 56 39 59 50  0 13 25 55
 104   2 56 39 59 50  0 13 25 55
 105   0 56 39 59 62  0 13 25 55
 106   1 56 39 59 62  0 13 25 55
 107   0 56 22 59 62  0 13 25 55
 108   1 56 22 59 62  0 13 25 55
 109   2 56 22 59 62  0 13 25 55
 110   0 56 22 59 62  0 13 12 55
 111   0 56 39 59 62  0 13 12 55
 112   0 56 22 59 62  0 13 12 55
 113   1 56 22 59 62  0 13 12 55
 114   0 56 22 59 62  0 13 17 55
 115   0 56 39 59 62  0 13 17 55
 116   0 56 61 59 62  0 13 17 55
 117   0 56 22 59 62  0 13 17 55
 118   1 56 22 59 62  0 13 17 55
 119   2 56 22 59 62  0 13 17 55
 120   3 56 22 59 62  0 13 17 55
 121   4 56 22 59 62  0 13 17 55
 122   5 56 22 59 62  0 13 17 55
 123   6 56 22 59 62  0 13 17 55
 124   0 56 22 59 62  0 13 25 55
 125   0 56 22 59 62  0 13 17 55
 126   0 56 22 59 62  0 13 25 55
 127   1 56 22 59 62  0 13 25 55
 128   2 56 22 59 62  0 13 25 55
 129   3 56 22 59 62  0 13 25 55
 130   4 56 22 59 62  0 13 25 55
 131   5 56 22 59 62  0 13 25 55
 132   6 56 22 59 62  0 13 25 55
 133   7 56 22 59 62  0 13 25 55
 134   8 56 22 59 62  0 13 25 55
 135   9 56 22 59 62  0 13 25 55
 136  10 56 22 59 62  0 13 25 55
 137  11 56 22 59 62  0 13 25 55
 138  12 56 22 59 62  0 13 25 55
 139  13 56 22 59 62  0 13 25 55
 140  14 56 22 59 62  0 13 25 55
 141  15 56 22 59 62  0 13 25 55
 142  16 56 22 59 62  0 13 25 55
 143  17 56 22 59 62  0 13 25 55
 144  18 56 22 59 62  0 13 25 55
 145  19 56 22 59 62  0 13 25 55
 146  20 56 22 59 62  0 13 25 55
 147  21 56 22 59 62  0 13 25 55
 148  22 56 22 59 62  0 13 25 55
 149  23 56 22 59 62  0 13 25 55
 150  24 56 22 59 62  0 13 25 55
 151  25 56 22 59 62  0 13 25 55
 152  26 56 22 59 62  0 13 25 55
 153  27 56 22 59 62  0 13 25 55
 154  28 56 22 59 62  0 13 25 55
 155  29 56 22 59 62  0 13 25 55
 156  30 56 22 59 62  0 13 25 55
 157  31 56 22 59 62  0 13 25 55
 158  32 56 22 59 62  0 13 25 55
 159  33 56 22 59 62  0 13 25 55
 160  34 56 22 59 62  0 13 25 55
 161  35 56 22 59 62  0 13 25 55
 162  36 56 22 59 62  0 13 25 55
 163  37 56 22 59 62  0 13 25 55
 164  38 56 22 59 62  0 13 25 55
 165   0 56 22 59 62  0 13 17 55
 166   1 56 22 59 62  0 13 17 55
 167   0 56 22 59 62  0 13 25 55
 168   1 56 22 59 62  0 13 25 55
 169   2 56 22 59 62  0 13 25 55
 170   3 56 22 59 62  0 13 25 55
 171   4 56 22 59 62  0 13 25 55
 172   5 56 22 59 62  0 13 25 55
 173   6 56 22 59 62  0 13 25 55
 174   7 56 22 59 62  0 13 25 55
 175   8 56 22 59 62  0 13 25 55
 176   9 56 22 59 62  0 13 25 55
 177  10 56 22 59 62  0 13 25 55
 178  11 56 22 59 62  0 13 25 55
 179  12 56 22 59 62  0 13 25 55
 180  13 56 22 59 62  0 13 25 55
 181  14 56 22 59 62  0 13 25 55
 182  15 56 22 59 62  0 13 25 55
 183  16 56 22 59 62  0 13 25 55
 184  17 56 22 59 62  0 13 25 55
 185  18 56 22 59 62  0 13 25 55
 186  19 56 22 59 62  0 13 25 55
 187   0 56 22 59 62  0 13 17 55
 188   1 56 22 59 62  0 13 17 55
 189   0 56 22 59 62  0 13 25 55
 190   1 56 22 59 62  0 13 25 55
 191   2 56 22 59 62  0 13 25 55
 192   3 56 22 59 62  0 13 25 55
 193   4 56 22 59 62  0 13 25 55
 194   5 56 22 59 62  0 13 25 55
 195   6 56 22 59 62  0 13 25 55
 196   7 56 22 59 62  0 13 25 55
 197   8 56 22 59 62  0 13 25 55
 198   9 56 22 59 62  0 13 25 55
 199  10 56 22 59 62  0 13 25 55
 200  11 56 22 59 62  0 13 25 55
 201  12 56 22 59 62  0 13 25 55
 202  13 56 22 59 62  0 13 25 55
 203  14 56 22 59 62  0 13 25 55
 204  15 56 22 59 62  0 13 25 55
 205   0 56 22 59 62  0 13 16 55
 206   1 56 22 59 62  0 13 16 55
 207   2 56 22 59 62  0 13 16 55
 208   3 56 22 59 62  0 13 16 55
 209   4 56 22 59 62  0 13 16 55
 210   0 56 22 59 62  0 13 25 55
 211   0 56 22 59 62  0 13 17 55
 212   1 56 22 59 62  0 13 17 55
 213   2 56 22 59 62  0 13 17 55
 214   3 56 22 59 62  0 13 17 55
 215   4 56 22 59 62  0 13 17 55
 216   5 56 22 59 62  0 13 17 55
 217   6 56 22 59 62  0 13 17 55
 218   0 56 22 59  6  0 13 17 55
 219   1 56 22 59  6  0 13 17 55
 220   0 56 22 59 38  0 13 17 55
 221   0 56 22 59  6  0 13 17 55
 222   0 56 22 59 38  0 13 17 55
 223   1 56 22 59 38  0 13 17 55
 224   2 56 22 59 38  0 13 17 55
 225   3 56 22 59 38  0 13 17 55
 226   4 56 22 59 38  0 13 17 55
 227   5 56 22 59 38  0 13 17 55
 228   6 56 22 59 38  0 13 17 55
 229   0 56 22 59 38  0 13 58 55
 230   0 56 22 59 38  0 13 17 55
 231   1 56 22 59 38  0 13 17 55
 232   2 56 22 59 38  0 13 17 55
 233   3 56 22 59 38  0 13 17 55
 234   4 56 22 59 38  0 13 17 55
 235   5 56 22 59 38  0 13 17 55
 236   6 56 22 59 38  0 13 17 55
 237   7 56 22 59 38  0 13 17 55
 238   8 56 22 59 38  0 13 17 55
 239   9 56 22 59 38  0 13 17 55
 240  10 56 22 59 38  0 13 17 55
 241  11 56 22 59 38  0 13 17 55
 242  12 56 22 59 38  0 13 17 55
 243  13 56 22 59 38  0 13 17 55
 244  14 56 22 59 38  0 13 17 55
