# Table: secmatv1_2006_04_0809
# Stability threshold: 100
# Iteration threshold: 1
#
# Columns: Iteration Stability Subkey0 ... Subkey7
   1   0  0  0  0  0  0  0  0  0
   2   0 28 45 60  1  5 12 38 26
   3   0 34 45 42  1 36  5 49 26
   4   0 38 45 42  1 36  5 49 26
   5   0 13 10 30 41 31 12 14 19
   6   0 55  3  7 41 31 47 23 60
   7   0  5  3  7 36 63 29 23 17
   8   0 59  0  7 52 31 56 60 17
   9   0 59  0  7 36  3 29 60 46
  10   0 56 51  7 12  3 29 60 56
  11   0 31 51  7  7 29 29 59 56
  12   0 56 51  7  7 29 29 59 56
  13   1 56 51  7  7 29 29 59 56
  14   0 48 58  7  4 29 25 59 13
  15   0 31 58  7  4 29 25 59 13
  16   0 56 58  7  4 29 25 59 13
  17   0 56 58  7  4 15 29 25  0
  18   0 56 58  7  4 15 29 59  0
  19   0 56 58  7 36 15 29 59  0
  20   1 56 58  7 36 15 29 59  0
  21   0 56 58  7 36 15 39 25  0
  22   1 56 58  7 36 15 39 25  0
  23   0 56 58  7  4 41 15 59  0
  24   0 56 58  7 36 41 15 59 54
  25   0 56 58  7  4 41 15 59 54
  26   0 56 58  7  4 29 15 59 54
  27   0 56 58  7 36 29 15 25 29
  28   1 56 58  7 36 29 15 25 29
  29   2 56 58  7 36 29 15 25 29
  30   0 56 58  7  4 29 15 25 29
  31   1 56 58  7  4 29 15 25 29
  32   2 56 58  7  4 29 15 25 29
  33   0 56 11  7  4 29 15 25 46
  34   0 56 11  7  4 29 15 25 29
  35   0 56 11  7  4 29 15  5 29
  36   1 56 11  7  4 29 15  5 29
  37   2 56 11  7  4 29 15  5 29
  38   0 56 11  7 20 29 13  5 29
  39   1 56 11  7 20 29 13  5 29
  40   2 56 11  7 20 29 13  5 29
  41   0 56 11 33 20 29 13  5 29
  42   0 56 11 33  4 29 13 25 29
  43   1 56 11 33  4 29 13 25 29
  44   0 56 11 33  4 29 13 25 21
  45   0 56 53 33  4 29 13  9 21
  46   0 56 11 33  4 29 13 25 21
  47   0 56 53 33 20 29 13 25 21
  48   1 56 53 33 20 29 13 25 21
  49   0 56 53 33  4 29 13 25 21
  50   0 56 11 33  4 29 13 25 21
  51   1 56 11 33  4 29 13 25 21
  52   2 56 11 33  4 29 13 25 21
  53   0 56 11 33  4 29 13 25 29
  54   1 56 11 33  4 29 13 25 29
  55   0 56 11 33  4 29 13 25 21
  56   0 56 53 33  4 29 13 25 21
  57   0 56 53 33  4 29 13 25 29
  58   1 56 53 33  4 29 13 25 29
  59   0 56 14 33  4 29 13 25 21
  60   1 56 14 33  4 29 13 25 21
  61   0 56 14  7  4 29 13 25 21
  62   1 56 14  7  4 29 13 25 21
  63   2 56 14  7  4 29 13 25 21
  64   0 56 14  7 21 29 13 25 21
  65   1 56 14  7 21 29 13 25 21
  66   0 56 53  7 21 29 13 25 21
  67   1 56 53  7 21 29 13 25 21
  68   0 56 14  7 21 29 13 25 21
  69   1 56 14  7 21 29 13 25 21
  70   2 56 14  7 21 29 13 25 21
  71   0 56 53  7 21 28 15 25 21
  72   0 56 53 59 21 13 13 25 21
  73   0 56 53 59 21 13 27 25 21
  74   0 56 53 59 21 13 13 25 21
  75   1 56 53 59 21 13 13 25 21
  76   0 56 53 59 21 13 13 25 29
  77   0 56 53 59 21 13 13 25 21
  78   0 56 53  7 21 13 13 25 21
  79   0 56 53  7 21 29 13 25 29
  80   1 56 53  7 21 29 13 25 29
  81   0 56 53  7 20 29 13 25 29
  82   0 56 53  7 20 13 13 25 29
  83   0 56 53  7 20 29 13 25 29
  84   1 56 53  7 20 29 13 25 29
  85   0 56 53  7 20 29 13 25 55
  86   1 56 53  7 20 29 13 25 55
  87   2 56 53  7 20 29 13 25 55
  88   3 56 53  7 20 29 13 25 55
  89   4 56 53  7 20 29 13 25 55
  90   0 56 53  7 20 57 13 25 55
  91   1 56 53  7 20 57 13 25 55
  92   2 56 53  7 20 57 13 25 55
  93   0 56 53  7 20  0 13 25 55
  94   1 56 53  7 20  0 13 25 55
  95   2 56 53  7 20  0 13 25 55
  96   0 56 53  2 20 57 13 25 55
  97   1 56 53  2 20 57 13 25 55
  98   2 56 53  2 20 57 13 25 55
  99   0 56 53  7 20 57 13 25 55
 100   0 56 53  2 20 57 13 25 55
 101   1 56 53  2 20 57 13 25 55
 102   2 56 53  2 20 57 13 25 55
 103   0 56 53 23 20 57 13 25 55
 104   0 56 53 23 20  0 13 25 55
 105   1 56 53 23 20  0 13 25 55
 106   0 56 53  2 20  0 13 25 55
 107   0 56 53 23 20  0 13 25 55
 108   1 56 53 23 20  0 13 25 55
 109   0 56 53 59 20 57 13 25 55
 110   0 56 53 23 20 57 13 25 55
 111   1 56 53 23 20 57 13 25 55
 112   2 56 53 23 20 57 13 25 55
 113   3 56 53 23 20 57 13 25 55
 114   4 56 53 23 20 57 13 25 55
 115   0 56 53 59 20 57 13 25 55
 116   1 56 53 59 20 57 13 25 55
 117   0 56 53 59 20  0 13 25 55
 118   1 56 53 59 20  0 13 25 55
 119   2 56 53 59 20  0 13 25 55
 120   3 56 53 59 20  0 13 25 55
 121   0 56 53 59 20 57 13 25 55
 122   1 56 53 59 20 57 13 25 55
 123   2 56 53 59 20 57 13 25 55
 124   3 56 53 59 20 57 13 25 55
 125   4 56 53 59 20 57 13 25 55
 126   5 56 53 59 20 57 13 25 55
 127   6 56 53 59 20 57 13 25 55
 128   7 56 53 59 20 57 13 25 55
 129   8 56 53 59 20 57 13 25 55
 130   9 56 53 59 20 57 13 25 55
 131  10 56 53 59 20 57 13 25 55
 132  11 56 53 59 20 57 13 25 55
 133  12 56 53 59 20 57 13 25 55
 134   0 56 53 59 20  0 13 25 55
 135   1 56 53 59 20  0 13 25 55
 136   2 56 53 59 20  0 13 25 55
 137   3 56 53 59 20  0 13 25 55
 138   4 56 53 59 20  0 13 25 55
 139   5 56 53 59 20  0 13 25 55
 140   6 56 53 59 20  0 13 25 55
 141   0 56 53 59 20 57 13 25 55
 142   0 56 53 59 20  0 13 25 55
 143   1 56 53 59 20  0 13 25 55
 144   2 56 53 59 20  0 13 25 55
 145   0 56 53 59 20 50 13 25 55
 146   0 56 53 59 20  0 13 25 55
 147   1 56 53 59 20  0 13 25 55
 148   2 56 53 59 20  0 13 25 55
 149   0 56 53 59 24  0 13 25 55
 150   0 56 53 59 20  0 13 25 55
 151   1 56 53 59 20  0 13 25 55
 152   2 56 53 59 20  0 13 25 55
 153   3 56 53 59 20  0 13 25 55
 154   0 56 53 59 38  0 13 25 55
 155   1 56 53 59 38  0 13 25 55
 156   2 56 53 59 38  0 13 25 55
 157   3 56 53 59 38  0 13 25 55
 158   4 56 53 59 38  0 13 25 55
 159   5 56 53 59 38  0 13 25 55
 160   6 56 53 59 38  0 13 25 55
 161   7 56 53 59 38  0 13 25 55
 162   8 56 53 59 38  0 13 25 55
 163   9 56 53 59 38  0 13 25 55
 164  10 56 53 59 38  0 13 25 55
 165  11 56 53 59 38  0 13 25 55
 166  12 56 53 59 38  0 13 25 55
 167  13 56 53 59 38  0 13 25 55
 168  14 56 53 59 38  0 13 25 55
 169  15 56 53 59 38  0 13 25 55
 170  16 56 53 59 38  0 13 25 55
 171   0 56 24 59 20  0 13 25 55
 172   1 56 24 59 20  0 13 25 55
 173   2 56 24 59 20  0 13 25 55
 174   3 56 24 59 20  0 13 25 55
 175   0 56 53 59 20  0 13 25 55
 176   0 56 11 59 20  0 13 25 55
 177   1 56 11 59 20  0 13 25 55
 178   2 56 11 59 20  0 13 25 55
 179   3 56 11 59 20  0 13 25 55
 180   4 56 11 59 20  0 13 25 55
 181   0 56 53 59 20  0 13 25 55
 182   1 56 53 59 20  0 13 25 55
 183   2 56 53 59 20  0 13 25 55
 184   3 56 53 59 20  0 13 25 55
 185   4 56 53 59 20  0 13 25 55
 186   5 56 53 59 20  0 13 25 55
 187   6 56 53 59 20  0 13 25 55
 188   7 56 53 59 20  0 13 25 55
 189   8 56 53 59 20  0 13 25 55
 190   9 56 53 59 20  0 13 25 55
 191  10 56 53 59 20  0 13 25 55
 192  11 56 53 59 20  0 13 25 55
 193  12 56 53 59 20  0 13 25 55
 194  13 56 53 59 20  0 13 25 55
 195  14 56 53 59 20  0 13 25 55
 196  15 56 53 59 20  0 13 25 55
 197  16 56 53 59 20  0 13 25 55
 198  17 56 53 59 20  0 13 25 55
 199   0 56 53 59 20  0 13 59 55
 200   1 56 53 59 20  0 13 59 55
 201   2 56 53 59 20  0 13 59 55
 202   3 56 53 59 20  0 13 59 55
 203   4 56 53 59 20  0 13 59 55
 204   0 56 53 59 20  0 13 25 55
 205   1 56 53 59 20  0 13 25 55
 206   2 56 53 59 20  0 13 25 55
 207   3 56 53 59 20  0 13 25 55
 208   0 56 53 59 20  0 13 59 55
 209   1 56 53 59 20  0 13 59 55
 210   2 56 53 59 20  0 13 59 55
 211   3 56 53 59 20  0 13 59 55
 212   4 56 53 59 20  0 13 59 55
 213   5 56 53 59 20  0 13 59 55
 214   6 56 53 59 20  0 13 59 55
 215   7 56 53 59 20  0 13 59 55
 216   8 56 53 59 20  0 13 59 55
 217   0 56 53 59 20  0 13 25 55
 218   1 56 53 59 20  0 13 25 55
 219   2 56 53 59 20  0 13 25 55
 220   3 56 53 59 20  0 13 25 55
 221   4 56 53 59 20  0 13 25 55
 222   5 56 53 59 20  0 13 25 55
 223   0 56 53 59 20  0 13 59 55
 224   1 56 53 59 20  0 13 59 55
 225   2 56 53 59 20  0 13 59 55
 226   3 56 53 59 20  0 13 59 55
 227   4 56 53 59 20  0 13 59 55
 228   5 56 53 59 20  0 13 59 55
 229   6 56 53 59 20  0 13 59 55
 230   0 56 53 59 20 29 13 59 55
 231   0 56 24 59 20  0 13 59 55
 232   1 56 24 59 20  0 13 59 55
 233   2 56 24 59 20  0 13 59 55
 234   3 56 24 59 20  0 13 59 55
 235   4 56 24 59 20  0 13 59 55
 236   5 56 24 59 20  0 13 59 55
 237   6 56 24 59 20  0 13 59 55
 238   0 56 24 59 20 29 13 31 55
 239   1 56 24 59 20 29 13 31 55
 240   2 56 24 59 20 29 13 31 55
 241   0 56 24 59 20  0 13 59 55
 242   1 56 24 59 20  0 13 59 55
 243   2 56 24 59 20  0 13 59 55
 244   3 56 24 59 20  0 13 59 55
 245   4 56 24 59 20  0 13 59 55
 246   5 56 24 59 20  0 13 59 55
 247   6 56 24 59 20  0 13 59 55
 248   7 56 24 59 20  0 13 59 55
 249   8 56 24 59 20  0 13 59 55
 250   9 56 24 59 20  0 13 59 55
 251   0 56 24 59 20  0 13 31 55
 252   0 56 24 59 20  0 13 25 55
 253   1 56 24 59 20  0 13 25 55
 254   2 56 24 59 20  0 13 25 55
 255   3 56 24 59 20  0 13 25 55
 256   4 56 24 59 20  0 13 25 55
 257   5 56 24 59 20  0 13 25 55
 258   0 56 24 59 20  0 13 59 55
 259   0 56 24 59 20 29 13 59 55
 260   1 56 24 59 20 29 13 59 55
 261   2 56 24 59 20 29 13 59 55
 262   0 56 24 59 20 29 13 25 55
 263   1 56 24 59 20 29 13 25 55
 264   2 56 24 59 20 29 13 25 55
 265   3 56 24 59 20 29 13 25 55
 266   4 56 24 59 20 29 13 25 55
 267   5 56 24 59 20 29 13 25 55
 268   6 56 24 59 20 29 13 25 55
 269   7 56 24 59 20 29 13 25 55
 270   8 56 24 59 20 29 13 25 55
 271   9 56 24 59 20 29 13 25 55
 272  10 56 24 59 20 29 13 25 55
 273  11 56 24 59 20 29 13 25 55
 274  12 56 24 59 20 29 13 25 55
 275   0 56 24 59 20 29 13 59 55
 276   1 56 24 59 20 29 13 59 55
 277   2 56 24 59 20 29 13 59 55
 278   3 56 24 59 20 29 13 59 55
 279   4 56 24 59 20 29 13 59 55
 280   5 56 24 59 20 29 13 59 55
 281   6 56 24 59 20 29 13 59 55
 282   7 56 24 59 20 29 13 59 55
 283   0 56 24 59 38 29 13 59 55
 284   0 56 24 59 38 29 13 25 55
 285   1 56 24 59 38 29 13 25 55
 286   2 56 24 59 38 29 13 25 55
 287   3 56 24 59 38 29 13 25 55
 288   4 56 24 59 38 29 13 25 55
 289   5 56 24 59 38 29 13 25 55
 290   6 56 24 59 38 29 13 25 55
 291   7 56 24 59 38 29 13 25 55
 292   8 56 24 59 38 29 13 25 55
 293   9 56 24 59 38 29 13 25 55
 294  10 56 24 59 38 29 13 25 55
 295  11 56 24 59 38 29 13 25 55
 296  12 56 24 59 38 29 13 25 55
 297  13 56 24 59 38 29 13 25 55
 298  14 56 24 59 38 29 13 25 55
 299  15 56 24 59 38 29 13 25 55
 300  16 56 24 59 38 29 13 25 55
 301  17 56 24 59 38 29 13 25 55
 302  18 56 24 59 38 29 13 25 55
 303   0 56 24 59 38  0 13 25 55
 304   1 56 24 59 38  0 13 25 55
 305   2 56 24 59 38  0 13 25 55
 306   0 56 24 59 20  0 13 25 55
 307   1 56 24 59 20  0 13 25 55
 308   2 56 24 59 20  0 13 25 55
 309   0 56 24 59 20 29 13 25 55
 310   1 56 24 59 20 29 13 25 55
 311   0 56 24 59 38 29 13 25 55
 312   1 56 24 59 38 29 13 25 55
 313   0 56 24 59 20 29 13 25 55
 314   0 56 24 59 38  0 13 25 55
 315   1 56 24 59 38  0 13 25 55
 316   2 56 24 59 38  0 13 25 55
 317   3 56 24 59 38  0 13 25 55
 318   4 56 24 59 38  0 13 25 55
 319   5 56 24 59 38  0 13 25 55
 320   0 56 24 59 20  0 13 25 55
 321   0 56 24 59 38  0 13 25 55
 322   1 56 24 59 38  0 13 25 55
 323   0 56 11 59 20  0 13 25 55
 324   0 56 11 59 38  0 13 25 55
 325   1 56 11 59 38  0 13 25 55
 326   2 56 11 59 38  0 13 25 55
 327   3 56 11 59 38  0 13 25 55
 328   4 56 11 59 38  0 13 25 55
 329   0 56 11 59 20  0 13 25 55
 330   1 56 11 59 20  0 13 25 55
 331   2 56 11 59 20  0 13 25 55
 332   3 56 11 59 20  0 13 25 55
 333   4 56 11 59 20  0 13 25 55
 334   5 56 11 59 20  0 13 25 55
 335   6 56 11 59 20  0 13 25 55
 336   7 56 11 59 20  0 13 25 55
 337   8 56 11 59 20  0 13 25 55
 338   0 56 11 59 38 29 13 25 55
 339   0 56 11 59 38  0 13 25 55
 340   1 56 11 59 38  0 13 25 55
 341   2 56 11 59 38  0 13 25 55
 342   3 56 11 59 38  0 13 25 55
 343   4 56 11 59 38  0 13 25 55
 344   5 56 11 59 38  0 13 25 55
 345   6 56 11 59 38  0 13 25 55
 346   7 56 11 59 38  0 13 25 55
 347   8 56 11 59 38  0 13 25 55
 348   9 56 11 59 38  0 13 25 55
 349  10 56 11 59 38  0 13 25 55
 350  11 56 11 59 38  0 13 25 55
 351  12 56 11 59 38  0 13 25 55
 352  13 56 11 59 38  0 13 25 55
 353  14 56 11 59 38  0 13 25 55
 354  15 56 11 59 38  0 13 25 55
 355  16 56 11 59 38  0 13 25 55
 356  17 56 11 59 38  0 13 25 55
 357  18 56 11 59 38  0 13 25 55
 358  19 56 11 59 38  0 13 25 55
 359   0 56 11 59 20  0 13 25 55
 360   1 56 11 59 20  0 13 25 55
 361   2 56 11 59 20  0 13 25 55
 362   0 56 11 59 38  0 13 25 55
 363   1 56 11 59 38  0 13 25 55
 364   2 56 11 59 38  0 13 25 55
 365   3 56 11 59 38  0 13 25 55
 366   4 56 11 59 38  0 13 25 55
 367   5 56 11 59 38  0 13 25 55
 368   6 56 11 59 38  0 13 25 55
 369   7 56 11 59 38  0 13 25 55
 370   8 56 11 59 38  0 13 25 55
 371   9 56 11 59 38  0 13 25 55
 372  10 56 11 59 38  0 13 25 55
 373  11 56 11 59 38  0 13 25 55
 374  12 56 11 59 38  0 13 25 55
 375  13 56 11 59 38  0 13 25 55
 376  14 56 11 59 38  0 13 25 55
 377  15 56 11 59 38  0 13 25 55
 378  16 56 11 59 38  0 13 25 55
 379  17 56 11 59 38  0 13 25 55
 380  18 56 11 59 38  0 13 25 55
 381  19 56 11 59 38  0 13 25 55
 382  20 56 11 59 38  0 13 25 55
 383  21 56 11 59 38  0 13 25 55
 384  22 56 11 59 38  0 13 25 55
 385  23 56 11 59 38  0 13 25 55
 386  24 56 11 59 38  0 13 25 55
 387  25 56 11 59 38  0 13 25 55
 388  26 56 11 59 38  0 13 25 55
 389   0 56 11 59 20  0 13 25 55
 390   1 56 11 59 20  0 13 25 55
 391   2 56 11 59 20  0 13 25 55
 392   3 56 11 59 20  0 13 25 55
 393   4 56 11 59 20  0 13 25 55
 394   5 56 11 59 20  0 13 25 55
 395   0 56 11 59 38  0 13 25 55
 396   1 56 11 59 38  0 13 25 55
 397   0 56 11 59 20  0 13 25 55
 398   1 56 11 59 20  0 13 25 55
 399   2 56 11 59 20  0 13 25 55
 400   3 56 11 59 20  0 13 25 55
 401   4 56 11 59 20  0 13 25 55
 402   5 56 11 59 20  0 13 25 55
 403   6 56 11 59 20  0 13 25 55
 404   7 56 11 59 20  0 13 25 55
 405   0 56 11 59 38  0 13 25 55
 406   0 56 11 59 20  0 13 25 55
 407   1 56 11 59 20  0 13 25 55
 408   2 56 11 59 20  0 13 25 55
 409   3 56 11 59 20  0 13 25 55
 410   4 56 11 59 20  0 13 25 55
 411   0 56 11 59 38  0 13 25 55
 412   1 56 11 59 38  0 13 25 55
 413   2 56 11 59 38  0 13 25 55
 414   3 56 11 59 38  0 13 25 55
 415   4 56 11 59 38  0 13 25 55
 416   5 56 11 59 38  0 13 25 55
 417   6 56 11 59 38  0 13 25 55
 418   7 56 11 59 38  0 13 25 55
 419   8 56 11 59 38  0 13 25 55
 420   9 56 11 59 38  0 13 25 55
 421  10 56 11 59 38  0 13 25 55
 422  11 56 11 59 38  0 13 25 55
 423  12 56 11 59 38  0 13 25 55
 424  13 56 11 59 38  0 13 25 55
 425  14 56 11 59 38  0 13 25 55
 426  15 56 11 59 38  0 13 25 55
 427  16 56 11 59 38  0 13 25 55
 428  17 56 11 59 38  0 13 25 55
 429  18 56 11 59 38  0 13 25 55
 430  19 56 11 59 38  0 13 25 55
 431  20 56 11 59 38  0 13 25 55
 432  21 56 11 59 38  0 13 25 55
 433  22 56 11 59 38  0 13 25 55
 434  23 56 11 59 38  0 13 25 55
 435  24 56 11 59 38  0 13 25 55
 436  25 56 11 59 38  0 13 25 55
 437  26 56 11 59 38  0 13 25 55
 438  27 56 11 59 38  0 13 25 55
 439  28 56 11 59 38  0 13 25 55
 440  29 56 11 59 38  0 13 25 55
 441  30 56 11 59 38  0 13 25 55
 442  31 56 11 59 38  0 13 25 55
 443  32 56 11 59 38  0 13 25 55
 444  33 56 11 59 38  0 13 25 55
 445  34 56 11 59 38  0 13 25 55
 446  35 56 11 59 38  0 13 25 55
 447   0 56 11 59 20  0 13 25 55
 448   0 56 11 59 38  0 13 25 55
 449   1 56 11 59 38  0 13 25 55
 450   2 56 11 59 38  0 13 25 55
 451   3 56 11 59 38  0 13 25 55
 452   4 56 11 59 38  0 13 25 55
 453   5 56 11 59 38  0 13 25 55
 454   6 56 11 59 38  0 13 25 55
 455   7 56 11 59 38  0 13 25 55
 456   8 56 11 59 38  0 13 25 55
 457   9 56 11 59 38  0 13 25 55
 458  10 56 11 59 38  0 13 25 55
 459  11 56 11 59 38  0 13 25 55
 460  12 56 11 59 38  0 13 25 55
 461  13 56 11 59 38  0 13 25 55
 462  14 56 11 59 38  0 13 25 55
 463  15 56 11 59 38  0 13 25 55
 464  16 56 11 59 38  0 13 25 55
 465  17 56 11 59 38  0 13 25 55
 466   0 56 11 59 20  0 13 25 55
 467   1 56 11 59 20  0 13 25 55
 468   2 56 11 59 20  0 13 25 55
 469   3 56 11 59 20  0 13 25 55
 470   4 56 11 59 20  0 13 25 55
 471   0 56 11 59 38  0 13 25 55
 472   1 56 11 59 38  0 13 25 55
 473   0 56 11 59 20  0 13 25 55
 474   0 56 11 59 38  0 13 25 55
 475   1 56 11 59 38  0 13 25 55
 476   2 56 11 59 38  0 13 25 55
 477   3 56 11 59 38  0 13 25 55
 478   4 56 11 59 38  0 13 25 55
 479   5 56 11 59 38  0 13 25 55
 480   0 56 11 59 20  0 13 25 55
 481   0 56 11 59 38  0 13 25 55
 482   1 56 11 59 38  0 13 25 55
 483   2 56 11 59 38  0 13 25 55
 484   3 56 11 59 38  0 13 25 55
 485   4 56 11 59 38  0 13 25 55
 486   5 56 11 59 38  0 13 25 55
 487   6 56 11 59 38  0 13 25 55
 488   7 56 11 59 38  0 13 25 55
 489   8 56 11 59 38  0 13 25 55
 490   9 56 11 59 38  0 13 25 55
 491  10 56 11 59 38  0 13 25 55
 492  11 56 11 59 38  0 13 25 55
 493  12 56 11 59 38  0 13 25 55
 494  13 56 11 59 38  0 13 25 55
 495  14 56 11 59 38  0 13 25 55
 496  15 56 11 59 38  0 13 25 55
 497  16 56 11 59 38  0 13 25 55
 498  17 56 11 59 38  0 13 25 55
 499  18 56 11 59 38  0 13 25 55
 500  19 56 11 59 38  0 13 25 55
 501  20 56 11 59 38  0 13 25 55
 502  21 56 11 59 38  0 13 25 55
 503  22 56 11 59 38  0 13 25 55
 504  23 56 11 59 38  0 13 25 55
 505  24 56 11 59 38  0 13 25 55
 506  25 56 11 59 38  0 13 25 55
 507  26 56 11 59 38  0 13 25 55
 508  27 56 11 59 38  0 13 25 55
 509  28 56 11 59 38  0 13 25 55
 510  29 56 11 59 38  0 13 25 55
 511  30 56 11 59 38  0 13 25 55
 512  31 56 11 59 38  0 13 25 55
 513  32 56 11 59 38  0 13 25 55
 514  33 56 11 59 38  0 13 25 55
 515  34 56 11 59 38  0 13 25 55
 516  35 56 11 59 38  0 13 25 55
 517  36 56 11 59 38  0 13 25 55
 518  37 56 11 59 38  0 13 25 55
 519  38 56 11 59 38  0 13 25 55
 520  39 56 11 59 38  0 13 25 55
 521  40 56 11 59 38  0 13 25 55
 522  41 56 11 59 38  0 13 25 55
 523  42 56 11 59 38  0 13 25 55
 524  43 56 11 59 38  0 13 25 55
 525  44 56 11 59 38  0 13 25 55
 526   0 56 11 59 20  0 13 25 55
 527   1 56 11 59 20  0 13 25 55
 528   0 56 11 59 38  0 13 25 55
 529   1 56 11 59 38  0 13 25 55
 530   2 56 11 59 38  0 13 25 55
 531   0 56 11 59 24  0 13 25 55
 532   1 56 11 59 24  0 13 25 55
 533   0 56 11 59 38  0 13 25 55
 534   1 56 11 59 38  0 13 25 55
 535   2 56 11 59 38  0 13 25 55
 536   3 56 11 59 38  0 13 25 55
 537   4 56 11 59 38  0 13 25 55
 538   5 56 11 59 38  0 13 25 55
 539   6 56 11 59 38  0 13 25 55
 540   7 56 11 59 38  0 13 25 55
 541   8 56 11 59 38  0 13 25 55
 542   9 56 11 59 38  0 13 25 55
 543  10 56 11 59 38  0 13 25 55
 544  11 56 11 59 38  0 13 25 55
 545  12 56 11 59 38  0 13 25 55
 546  13 56 11 59 38  0 13 25 55
 547  14 56 11 59 38  0 13 25 55
 548  15 56 11 59 38  0 13 25 55
 549  16 56 11 59 38  0 13 25 55
 550  17 56 11 59 38  0 13 25 55
 551  18 56 11 59 38  0 13 25 55
 552  19 56 11 59 38  0 13 25 55
 553  20 56 11 59 38  0 13 25 55
 554  21 56 11 59 38  0 13 25 55
 555  22 56 11 59 38  0 13 25 55
 556  23 56 11 59 38  0 13 25 55
 557  24 56 11 59 38  0 13 25 55
 558  25 56 11 59 38  0 13 25 55
 559  26 56 11 59 38  0 13 25 55
 560  27 56 11 59 38  0 13 25 55
 561  28 56 11 59 38  0 13 25 55
 562  29 56 11 59 38  0 13 25 55
 563  30 56 11 59 38  0 13 25 55
 564  31 56 11 59 38  0 13 25 55
 565  32 56 11 59 38  0 13 25 55
 566  33 56 11 59 38  0 13 25 55
 567  34 56 11 59 38  0 13 25 55
 568  35 56 11 59 38  0 13 25 55
 569  36 56 11 59 38  0 13 25 55
 570  37 56 11 59 38  0 13 25 55
 571  38 56 11 59 38  0 13 25 55
 572  39 56 11 59 38  0 13 25 55
 573  40 56 11 59 38  0 13 25 55
 574  41 56 11 59 38  0 13 25 55
 575  42 56 11 59 38  0 13 25 55
 576  43 56 11 59 38  0 13 25 55
 577  44 56 11 59 38  0 13 25 55
 578  45 56 11 59 38  0 13 25 55
 579  46 56 11 59 38  0 13 25 55
 580  47 56 11 59 38  0 13 25 55
 581  48 56 11 59 38  0 13 25 55
 582  49 56 11 59 38  0 13 25 55
 583  50 56 11 59 38  0 13 25 55
 584  51 56 11 59 38  0 13 25 55
 585  52 56 11 59 38  0 13 25 55
 586  53 56 11 59 38  0 13 25 55
 587  54 56 11 59 38  0 13 25 55
 588  55 56 11 59 38  0 13 25 55
 589  56 56 11 59 38  0 13 25 55
 590  57 56 11 59 38  0 13 25 55
 591  58 56 11 59 38  0 13 25 55
 592  59 56 11 59 38  0 13 25 55
 593  60 56 11 59 38  0 13 25 55
 594  61 56 11 59 38  0 13 25 55
 595  62 56 11 59 38  0 13 25 55
 596  63 56 11 59 38  0 13 25 55
 597  64 56 11 59 38  0 13 25 55
 598  65 56 11 59 38  0 13 25 55
 599  66 56 11 59 38  0 13 25 55
 600  67 56 11 59 38  0 13 25 55
 601  68 56 11 59 38  0 13 25 55
 602  69 56 11 59 38  0 13 25 55
 603  70 56 11 59 38  0 13 25 55
 604  71 56 11 59 38  0 13 25 55
 605  72 56 11 59 38  0 13 25 55
 606  73 56 11 59 38  0 13 25 55
 607  74 56 11 59 38  0 13 25 55
 608  75 56 11 59 38  0 13 25 55
 609  76 56 11 59 38  0 13 25 55
 610  77 56 11 59 38  0 13 25 55
 611  78 56 11 59 38  0 13 25 55
 612  79 56 11 59 38  0 13 25 55
 613  80 56 11 59 38  0 13 25 55
 614  81 56 11 59 38  0 13 25 55
 615  82 56 11 59 38  0 13 25 55
 616  83 56 11 59 38  0 13 25 55
 617  84 56 11 59 38  0 13 25 55
 618  85 56 11 59 38  0 13 25 55
 619  86 56 11 59 38  0 13 25 55
 620  87 56 11 59 38  0 13 25 55
 621  88 56 11 59 38  0 13 25 55
 622  89 56 11 59 38  0 13 25 55
 623  90 56 11 59 38  0 13 25 55
 624  91 56 11 59 38  0 13 25 55
 625  92 56 11 59 38  0 13 25 55
 626  93 56 11 59 38  0 13 25 55
 627  94 56 11 59 38  0 13 25 55
 628  95 56 11 59 38  0 13 25 55
 629  96 56 11 59 38  0 13 25 55
 630  97 56 11 59 38  0 13 25 55
 631  98 56 11 59 38  0 13 25 55
 632  99 56 11 59 38  0 13 25 55
 633 100 56 11 59 38  0 13 25 55
# Key: 0x6a64786a64786a64L

