DPA DES - 120 traces of length 20000 points

power consumption model : HD
keySearch method        : maxPeak
keySearch interval      : 14450 to 14550
attacked round          : 16
selection function      : cpa

roundKey 16 : 60 11 56 46 22 50 16 44

Iteration Stability Subkey0 ... Subkey7
1
2
3
4
5
6
7
8
9
10 0 54 11 56 46 22 50 22 44
11 0 54 11 56 46 22 50 10 44
12 0 54 11 48 46 22 50 10 44
13 0 54 11 48 46 22 50 10 44
14 0 60 11 48 46 22 50 16 44
15 0 38 11 48 46 22 50 16 44
16 1 60 11 56 46 22 50 16 44
17 2 60 11 56 46 22 50 16 44
18 3 60 11 56 46 22 50 16 44
19 4 60 11 56 46 22 50 16 44
20 5 60 11 56 46 22 50 16 44
21 6 60 11 56 46 22 50 16 44
22 7 60 11 56 46 22 50 16 44
23 8 60 11 56 46 22 50 16 44
24 9 60 11 56 46 22 50 16 44
25 10 60 11 56 46 22 50 16 44
26 11 60 11 56 46 22 50 16 44
27 12 60 11 56 46 22 50 16 44
28 13 60 11 56 46 22 50 16 44
29 14 60 11 56 46 22 50 16 44
30 15 60 11 56 46 22 50 16 44
31 16 60 11 56 46 22 50 16 44
32 17 60 11 56 46 22 50 16 44
33 18 60 11 56 46 22 50 16 44
34 19 60 11 56 46 22 50 16 44
35 20 60 11 56 46 22 50 16 44
36 21 60 11 56 46 22 50 16 44
37 22 60 11 56 46 22 50 16 44
38 23 60 11 56 46 22 50 16 44
39 24 60 11 56 46 22 50 16 44
40 25 60 11 56 46 22 50 16 44
41 26 60 11 56 46 22 50 16 44
42 27 60 11 56 46 22 50 16 44
43 28 60 11 56 46 22 50 16 44
44 29 60 11 56 46 22 50 16 44
45 30 60 11 56 46 22 50 16 44
46 31 60 11 56 46 22 50 16 44
47 32 60 11 56 46 22 50 16 44
48 33 60 11 56 46 22 50 16 44
49 34 60 11 56 46 22 50 16 44
50 35 60 11 56 46 22 50 16 44
51 36 60 11 56 46 22 50 16 44
52 37 60 11 56 46 22 50 16 44
53 38 60 11 56 46 22 50 16 44
54 39 60 11 56 46 22 50 16 44
55 40 60 11 56 46 22 50 16 44
56 41 60 11 56 46 22 50 16 44
57 42 60 11 56 46 22 50 16 44
58 43 60 11 56 46 22 50 16 44
59 44 60 11 56 46 22 50 16 44
60 45 60 11 56 46 22 50 16 44
61 46 60 11 56 46 22 50 16 44
62 47 60 11 56 46 22 50 16 44
63 48 60 11 56 46 22 50 16 44
64 49 60 11 56 46 22 50 16 44
65 50 60 11 56 46 22 50 16 44
66 51 60 11 56 46 22 50 16 44
67 52 60 11 56 46 22 50 16 44
68 53 60 11 56 46 22 50 16 44
69 54 60 11 56 46 22 50 16 44
70 55 60 11 56 46 22 50 16 44
71 56 60 11 56 46 22 50 16 44
72 57 60 11 56 46 22 50 16 44
73 58 60 11 56 46 22 50 16 44
74 59 60 11 56 46 22 50 16 44
75 60 60 11 56 46 22 50 16 44
76 61 60 11 56 46 22 50 16 44
77 62 60 11 56 46 22 50 16 44
78 63 60 11 56 46 22 50 16 44
79 64 60 11 56 46 22 50 16 44
80 65 60 11 56 46 22 50 16 44
81 66 60 11 56 46 22 50 16 44
82 67 60 11 56 46 22 50 16 44
83 68 60 11 56 46 22 50 16 44
84 69 60 11 56 46 22 50 16 44
85 70 60 11 56 46 22 50 16 44
86 71 60 11 56 46 22 50 16 44
87 72 60 11 56 46 22 50 16 44
88 73 60 11 56 46 22 50 16 44
89 74 60 11 56 46 22 50 16 44
90 75 60 11 56 46 22 50 16 44
91 76 60 11 56 46 22 50 16 44
92 77 60 11 56 46 22 50 16 44
93 78 60 11 56 46 22 50 16 44
94 79 60 11 56 46 22 50 16 44
95 80 60 11 56 46 22 50 16 44
96 81 60 11 56 46 22 50 16 44
97 82 60 11 56 46 22 50 16 44
98 83 60 11 56 46 22 50 16 44
99 84 60 11 56 46 22 50 16 44
100 85 60 11 56 46 22 50 16 44
101 86 60 11 56 46 22 50 16 44
102 87 60 11 56 46 22 50 16 44
103 88 60 11 56 46 22 50 16 44
104 89 60 11 56 46 22 50 16 44
105 90 60 11 56 46 22 50 16 44
106 91 60 11 56 46 22 50 16 44
107 92 60 11 56 46 22 50 16 44
108 93 60 11 56 46 22 50 16 44
109 94 60 11 56 46 22 50 16 44
110 95 60 11 56 46 22 50 16 44
111 96 60 11 56 46 22 50 16 44
112 97 60 11 56 46 22 50 16 44
113 98 60 11 56 46 22 50 16 44
114 99 60 11 56 46 22 50 16 44
115 100 60 11 56 46 22 50 16 44
116 101 60 11 56 46 22 50 16 44 - key guess in 116 iterations !!!
