DPA DES - 120 traces of length 20000 points

power consumption model : HD
keySearch method        : maxPeak
keySearch interval      : 14450 to 14550
attacked round          : 16
selection function      : sum

roundKey 16 : 60 11 56 46 22 50 16 44

Iteration Stability Subkey0 ... Subkey7
1
2
3
4
5
6
7
8
9
10 0 60 11 56 46 22 48 16 44
11 0 60 11 56 46 22 48 16 44
12 1 60 11 56 46 22 50 16 44
13 2 60 11 56 46 22 50 16 44
14 3 60 11 56 46 22 50 16 44
15 4 60 11 56 46 22 50 16 44
16 5 60 11 56 46 22 50 16 44
17 6 60 11 56 46 22 50 16 44
18 7 60 11 56 46 22 50 16 44
19 8 60 11 56 46 22 50 16 44
20 9 60 11 56 46 22 50 16 44
21 10 60 11 56 46 22 50 16 44
22 11 60 11 56 46 22 50 16 44
23 12 60 11 56 46 22 50 16 44
24 13 60 11 56 46 22 50 16 44
25 14 60 11 56 46 22 50 16 44
26 15 60 11 56 46 22 50 16 44
27 16 60 11 56 46 22 50 16 44
28 17 60 11 56 46 22 50 16 44
29 18 60 11 56 46 22 50 16 44
30 19 60 11 56 46 22 50 16 44
31 20 60 11 56 46 22 50 16 44
32 21 60 11 56 46 22 50 16 44
33 22 60 11 56 46 22 50 16 44
34 23 60 11 56 46 22 50 16 44
35 24 60 11 56 46 22 50 16 44
36 25 60 11 56 46 22 50 16 44
37 26 60 11 56 46 22 50 16 44
38 27 60 11 56 46 22 50 16 44
39 28 60 11 56 46 22 50 16 44
40 29 60 11 56 46 22 50 16 44
41 30 60 11 56 46 22 50 16 44
42 31 60 11 56 46 22 50 16 44
43 32 60 11 56 46 22 50 16 44
44 33 60 11 56 46 22 50 16 44
45 34 60 11 56 46 22 50 16 44
46 35 60 11 56 46 22 50 16 44
47 36 60 11 56 46 22 50 16 44
48 37 60 11 56 46 22 50 16 44
49 38 60 11 56 46 22 50 16 44
50 39 60 11 56 46 22 50 16 44
51 40 60 11 56 46 22 50 16 44
52 41 60 11 56 46 22 50 16 44
53 42 60 11 56 46 22 50 16 44
54 43 60 11 56 46 22 50 16 44
55 44 60 11 56 46 22 50 16 44
56 45 60 11 56 46 22 50 16 44
57 46 60 11 56 46 22 50 16 44
58 47 60 11 56 46 22 50 16 44
59 48 60 11 56 46 22 50 16 44
60 49 60 11 56 46 22 50 16 44
61 50 60 11 56 46 22 50 16 44
62 51 60 11 56 46 22 50 16 44
63 52 60 11 56 46 22 50 16 44
64 53 60 11 56 46 22 50 16 44
65 54 60 11 56 46 22 50 16 44
66 55 60 11 56 46 22 50 16 44
67 56 60 11 56 46 22 50 16 44
68 57 60 11 56 46 22 50 16 44
69 58 60 11 56 46 22 50 16 44
70 59 60 11 56 46 22 50 16 44
71 60 60 11 56 46 22 50 16 44
72 61 60 11 56 46 22 50 16 44
73 62 60 11 56 46 22 50 16 44
74 63 60 11 56 46 22 50 16 44
75 64 60 11 56 46 22 50 16 44
76 65 60 11 56 46 22 50 16 44
77 66 60 11 56 46 22 50 16 44
78 67 60 11 56 46 22 50 16 44
79 68 60 11 56 46 22 50 16 44
80 69 60 11 56 46 22 50 16 44
81 70 60 11 56 46 22 50 16 44
82 71 60 11 56 46 22 50 16 44
83 72 60 11 56 46 22 50 16 44
84 73 60 11 56 46 22 50 16 44
85 74 60 11 56 46 22 50 16 44
86 75 60 11 56 46 22 50 16 44
87 76 60 11 56 46 22 50 16 44
88 77 60 11 56 46 22 50 16 44
89 78 60 11 56 46 22 50 16 44
90 79 60 11 56 46 22 50 16 44
91 80 60 11 56 46 22 50 16 44
92 81 60 11 56 46 22 50 16 44
93 82 60 11 56 46 22 50 16 44
94 83 60 11 56 46 22 50 16 44
95 84 60 11 56 46 22 50 16 44
96 85 60 11 56 46 22 50 16 44
97 86 60 11 56 46 22 50 16 44
98 87 60 11 56 46 22 50 16 44
99 88 60 11 56 46 22 50 16 44
100 89 60 11 56 46 22 50 16 44
101 90 60 11 56 46 22 50 16 44
102 91 60 11 56 46 22 50 16 44
103 92 60 11 56 46 22 50 16 44
104 93 60 11 56 46 22 50 16 44
105 94 60 11 56 46 22 50 16 44
106 95 60 11 56 46 22 50 16 44
107 96 60 11 56 46 22 50 16 44
108 97 60 11 56 46 22 50 16 44
109 98 60 11 56 46 22 50 16 44
110 99 60 11 56 46 22 50 16 44
111 100 60 11 56 46 22 50 16 44
112 101 60 11 56 46 22 50 16 44 - key guess in 112 iterations !!!
