DPA DES - 400 traces of length 20000 points

power consumption model : HD
keySearch method        : maxPeak
keySearch interval      : 1 to 20000
attacked round          : 16
selection function      : hw

roundKey 16 : 60 11 56 46 22 50 16 44

Iteration Stability Subkey0 ... Subkey7
1
2
3
4
5
6
7
8
9
10
11
12
13
14
15
16
17
18
19
20
21
22
23
24
25
26
27
28
29
30
31
32
33
34
35
36
37
38
39
40
41
42
43
44
45
46
47
48
49
50
51
52
53
54
55
56
57
58
59
60
61
62
63
64
65
66
67
68
69
70
71
72
73
74
75
76
77
78
79
80
81
82
83
84
85
86
87
88
89
90
91
92
93
94
95
96
97
98
99
100 0 60 11 56 46 22 19 36 44
101 0 12 11 56 46 22 31 36 44
102 0 60 11 56 46 22 31 36 44
103 0 12 11 56 46 22 31 4 44
104 0 60 11 56 46 22 31 36 44
105 0 60 11 56 46 22 31 36 44
106 0 12 11 56 46 22 31 36 44
107 0 12 11 56 46 60 31 36 44
108 0 60 11 56 46 60 31 36 44
109 0 60 11 56 46 14 31 36 44
110 0 60 11 56 46 14 31 36 44
111 0 60 11 56 46 14 31 36 44
112 0 60 11 56 46 14 31 36 44
113 0 60 11 56 46 14 31 28 44
114 0 60 11 56 46 14 31 28 44
115 0 60 11 56 46 14 31 36 44
116 0 60 11 56 46 14 31 36 44
117 0 60 11 56 46 14 17 36 44
118 0 60 11 56 46 14 31 60 44
119 0 60 11 56 46 14 17 60 44
120 0 60 11 56 46 60 31 60 44
121 0 60 11 56 46 14 17 4 44
122 0 60 11 56 46 25 17 60 44
123 0 60 11 56 46 25 19 60 44
124 0 60 11 56 46 25 19 60 44
125 0 60 11 56 46 25 19 60 44
126 0 60 11 56 46 25 31 36 44
127 0 60 11 56 46 25 31 60 44
128 0 60 11 56 46 25 19 60 44
129 0 60 11 56 46 25 19 60 44
130 0 60 11 56 46 25 18 60 44
131 0 60 11 56 46 25 18 60 44
132 0 60 11 56 46 25 18 60 44
133 0 60 11 56 46 25 18 60 44
134 0 60 11 56 46 25 19 60 44
135 0 60 11 56 46 25 18 60 44
136 0 60 11 56 46 25 18 60 44
137 0 60 11 56 46 9 18 60 44
138 0 60 11 56 46 9 19 60 44
139 0 60 11 56 46 9 19 60 44
140 0 60 11 56 46 9 19 60 44
141 0 60 11 56 46 9 19 60 44
142 0 60 11 56 46 9 19 16 44
143 0 60 11 56 46 16 19 16 44
144 0 60 11 56 46 16 19 16 44
145 0 60 11 56 46 16 19 12 44
146 0 60 11 56 46 9 19 16 44
147 0 60 11 56 46 9 19 16 44
148 0 60 11 56 46 9 19 16 44
149 0 60 11 56 46 9 19 16 44
150 0 60 11 56 46 9 19 16 44
151 0 60 11 56 46 9 19 16 44
152 0 60 11 56 46 9 19 16 44
153 0 60 11 56 46 9 19 16 44
154 0 60 11 56 46 9 19 16 44
155 0 60 11 56 46 9 19 16 44
156 0 60 11 56 46 41 19 16 44
157 0 60 11 56 46 41 19 16 44
158 0 60 11 56 46 41 19 16 44
159 0 60 11 56 46 41 18 16 44
160 0 60 11 56 46 22 19 16 44
161 0 60 11 56 46 22 19 16 44
162 0 60 11 56 46 22 19 16 44
163 0 60 11 56 46 22 19 16 44
164 0 60 11 56 46 9 19 16 44
165 0 60 11 56 46 9 19 16 44
166 0 60 11 56 46 9 19 16 44
167 0 60 11 56 46 9 18 16 44
168 0 60 11 56 46 9 19 16 44
169 0 60 11 56 46 9 19 16 44
170 0 60 11 56 46 22 18 16 44
171 0 60 11 56 46 41 18 16 44
172 0 60 11 56 46 41 18 16 44
173 0 60 11 56 46 22 18 16 44
174 0 60 11 56 46 22 18 16 44
175 0 60 11 56 46 22 19 16 44
176 0 60 11 56 46 22 19 16 44
177 0 60 11 56 46 22 19 16 44
178 0 60 11 56 46 22 18 16 44
179 0 60 11 56 46 22 19 16 44
180 0 60 11 56 46 22 19 16 44
181 0 60 11 56 46 22 19 16 44
182 0 60 11 56 46 22 19 16 44
183 0 60 11 56 46 22 19 16 44
184 0 60 11 56 46 22 19 16 44
185 0 60 11 56 46 22 19 16 44
186 0 60 11 56 46 22 19 16 44
187 0 60 11 56 46 22 19 16 44
188 0 60 11 56 46 22 19 16 44
189 0 60 11 56 46 22 19 16 44
190 0 60 11 56 46 22 19 16 44
191 0 60 11 56 46 22 19 16 44
192 0 60 11 56 46 22 19 16 44
193 0 60 11 56 46 22 19 16 44
194 0 60 11 56 46 22 19 16 44
195 1 60 11 56 46 22 50 16 44
196 2 60 11 56 46 22 50 16 44
197 3 60 11 56 46 22 50 16 44
198 4 60 11 56 46 22 50 16 44
199 5 60 11 56 46 22 50 16 44
200 6 60 11 56 46 22 50 16 44
201 7 60 11 56 46 22 50 16 44
202 8 60 11 56 46 22 50 16 44
203 9 60 11 56 46 22 50 16 44
204 10 60 11 56 46 22 50 16 44
205 11 60 11 56 46 22 50 16 44
206 12 60 11 56 46 22 50 16 44
207 0 60 11 56 46 22 50 17 44
208 0 60 11 56 46 22 50 17 44
209 0 60 11 56 46 22 50 17 44
210 0 60 11 56 46 22 50 17 44
211 0 60 11 56 46 22 50 17 44
212 0 60 11 56 46 22 50 17 44
213 0 60 11 56 46 22 50 17 44
214 0 60 11 56 46 22 50 17 44
215 0 60 11 56 46 22 50 17 44
216 0 60 11 56 46 22 50 17 44
217 0 60 11 56 46 22 50 17 44
218 0 60 11 56 46 22 50 17 44
219 0 60 11 56 46 22 50 17 44
220 0 60 11 56 46 22 50 17 44
221 0 60 11 56 46 22 50 17 44
222 0 60 11 56 46 22 50 17 44
223 0 60 11 56 46 22 50 17 44
224 0 60 11 56 46 22 50 17 44
225 0 60 11 56 46 22 50 17 44
226 0 60 11 56 46 22 50 17 44
227 1 60 11 56 46 22 50 16 44
228 2 60 11 56 46 22 50 16 44
229 3 60 11 56 46 22 50 16 44
230 4 60 11 56 46 22 50 16 44
231 5 60 11 56 46 22 50 16 44
232 6 60 11 56 46 22 50 16 44
233 7 60 11 56 46 22 50 16 44
234 8 60 11 56 46 22 50 16 44
235 9 60 11 56 46 22 50 16 44
236 10 60 11 56 46 22 50 16 44
237 11 60 11 56 46 22 50 16 44
238 12 60 11 56 46 22 50 16 44
239 13 60 11 56 46 22 50 16 44
240 14 60 11 56 46 22 50 16 44
241 15 60 11 56 46 22 50 16 44
242 16 60 11 56 46 22 50 16 44
243 17 60 11 56 46 22 50 16 44
244 18 60 11 56 46 22 50 16 44
245 19 60 11 56 46 22 50 16 44
246 20 60 11 56 46 22 50 16 44
247 21 60 11 56 46 22 50 16 44
248 22 60 11 56 46 22 50 16 44
249 23 60 11 56 46 22 50 16 44
250 24 60 11 56 46 22 50 16 44
251 25 60 11 56 46 22 50 16 44
252 26 60 11 56 46 22 50 16 44
253 27 60 11 56 46 22 50 16 44
254 28 60 11 56 46 22 50 16 44
255 29 60 11 56 46 22 50 16 44
256 30 60 11 56 46 22 50 16 44
257 31 60 11 56 46 22 50 16 44
258 32 60 11 56 46 22 50 16 44
259 33 60 11 56 46 22 50 16 44
260 34 60 11 56 46 22 50 16 44
261 35 60 11 56 46 22 50 16 44
262 36 60 11 56 46 22 50 16 44
263 37 60 11 56 46 22 50 16 44
264 38 60 11 56 46 22 50 16 44
265 39 60 11 56 46 22 50 16 44
266 40 60 11 56 46 22 50 16 44
267 41 60 11 56 46 22 50 16 44
268 42 60 11 56 46 22 50 16 44
269 43 60 11 56 46 22 50 16 44
270 44 60 11 56 46 22 50 16 44
271 45 60 11 56 46 22 50 16 44
272 46 60 11 56 46 22 50 16 44
273 47 60 11 56 46 22 50 16 44
274 48 60 11 56 46 22 50 16 44
275 49 60 11 56 46 22 50 16 44
276 50 60 11 56 46 22 50 16 44
277 51 60 11 56 46 22 50 16 44
278 52 60 11 56 46 22 50 16 44
279 53 60 11 56 46 22 50 16 44
280 54 60 11 56 46 22 50 16 44
281 55 60 11 56 46 22 50 16 44
282 56 60 11 56 46 22 50 16 44
283 57 60 11 56 46 22 50 16 44
284 58 60 11 56 46 22 50 16 44
285 59 60 11 56 46 22 50 16 44
286 60 60 11 56 46 22 50 16 44
287 61 60 11 56 46 22 50 16 44
288 62 60 11 56 46 22 50 16 44
289 63 60 11 56 46 22 50 16 44
290 64 60 11 56 46 22 50 16 44
291 65 60 11 56 46 22 50 16 44
292 66 60 11 56 46 22 50 16 44
293 67 60 11 56 46 22 50 16 44
294 68 60 11 56 46 22 50 16 44
295 69 60 11 56 46 22 50 16 44
296 70 60 11 56 46 22 50 16 44
297 71 60 11 56 46 22 50 16 44
298 72 60 11 56 46 22 50 16 44
299 73 60 11 56 46 22 50 16 44
300 74 60 11 56 46 22 50 16 44
301 75 60 11 56 46 22 50 16 44
302 76 60 11 56 46 22 50 16 44
303 77 60 11 56 46 22 50 16 44
304 78 60 11 56 46 22 50 16 44
305 79 60 11 56 46 22 50 16 44
306 80 60 11 56 46 22 50 16 44
307 81 60 11 56 46 22 50 16 44
308 82 60 11 56 46 22 50 16 44
309 83 60 11 56 46 22 50 16 44
310 84 60 11 56 46 22 50 16 44
311 85 60 11 56 46 22 50 16 44
312 86 60 11 56 46 22 50 16 44
313 87 60 11 56 46 22 50 16 44
314 88 60 11 56 46 22 50 16 44
315 89 60 11 56 46 22 50 16 44
316 90 60 11 56 46 22 50 16 44
317 91 60 11 56 46 22 50 16 44
318 92 60 11 56 46 22 50 16 44
319 93 60 11 56 46 22 50 16 44
320 94 60 11 56 46 22 50 16 44
321 95 60 11 56 46 22 50 16 44
322 96 60 11 56 46 22 50 16 44
323 97 60 11 56 46 22 50 16 44
324 98 60 11 56 46 22 50 16 44
325 99 60 11 56 46 22 50 16 44
326 100 60 11 56 46 22 50 16 44
327 101 60 11 56 46 22 50 16 44 - key guess in 327 iterations !!!
