DPA DES - 400 traces of length 20000 points

power consumption model : HD
keySearch method        : maxPeak
keySearch interval      : 14450 to 14550
attacked round          : 16
selection function      : cpa

roundKey 16 : 60 11 56 46 22 50 16 44

Iteration Stability Subkey0 ... Subkey7
1
2
3
4
5
6
7
8
9
10
11
12
13
14
15
16
17
18
19
20
21
22
23
24
25
26
27
28
29
30
31
32
33
34
35
36
37
38
39
40
41
42
43
44
45
46
47
48
49
50
51
52
53
54
55
56
57
58
59
60
61
62
63
64
65
66
67
68
69
70
71
72
73
74
75
76
77
78
79
80
81
82
83
84
85
86
87
88
89
90
91
92
93
94
95
96
97
98
99
100 0 60 11 13 46 22 19 43 44
101 0 60 11 56 46 22 19 43 44
102 0 60 11 35 46 22 19 43 44
103 0 60 11 56 46 22 19 43 44
104 0 60 11 56 46 22 19 43 44
105 0 60 11 56 46 22 19 43 44
106 0 60 11 56 46 22 19 43 44
107 0 60 11 56 46 22 19 43 44
108 0 60 11 56 46 22 19 43 44
109 0 60 11 56 46 22 19 43 44
110 0 60 11 56 46 22 19 43 44
111 0 60 11 56 46 22 19 43 44
112 0 60 11 56 46 22 19 43 44
113 0 60 11 56 46 22 19 43 44
114 0 60 11 56 46 22 19 43 44
115 0 60 11 56 46 22 19 43 44
116 0 60 11 56 46 22 19 43 44
117 0 60 11 56 46 22 19 43 44
118 0 60 11 56 46 58 19 43 44
119 0 60 11 56 46 58 19 43 44
120 0 60 11 56 46 58 19 43 44
121 0 60 11 56 46 22 19 43 44
122 0 60 11 56 46 58 19 43 44
123 0 60 11 56 46 58 19 43 44
124 0 60 11 56 46 58 19 43 44
125 0 60 11 56 46 58 19 43 44
126 0 60 11 56 46 58 19 43 44
127 0 60 11 56 46 58 19 43 44
128 0 60 11 56 46 22 19 43 44
129 0 60 11 56 46 22 19 43 44
130 0 60 11 56 46 22 19 43 44
131 0 60 11 56 46 22 19 43 44
132 0 60 11 56 46 22 19 43 44
133 0 60 11 56 46 22 19 43 44
134 0 60 11 56 46 22 19 43 44
135 0 60 11 56 46 22 19 43 44
136 0 60 11 56 46 22 19 43 44
137 0 60 11 56 46 22 19 43 44
138 0 60 11 56 46 22 19 43 44
139 0 60 11 56 46 22 19 43 44
140 0 60 11 56 46 22 19 43 44
141 0 60 11 56 46 22 19 43 44
142 0 60 11 56 46 22 19 43 44
143 0 60 11 56 46 22 19 43 44
144 0 60 11 56 46 22 19 43 44
145 0 60 11 56 46 22 19 43 44
146 0 60 11 56 46 22 19 43 44
147 0 60 11 56 46 22 19 43 44
148 0 60 11 11 46 22 19 16 44
149 0 60 11 56 46 22 19 16 44
150 0 60 11 56 46 22 19 43 44
151 0 60 11 56 46 22 19 16 44
152 0 60 11 56 46 22 19 16 44
153 0 60 11 63 46 22 19 16 44
154 0 60 11 63 46 22 19 16 44
155 0 60 11 63 46 22 19 16 44
156 0 60 11 56 46 22 19 16 44
157 0 60 11 56 46 22 19 16 44
158 0 60 11 63 46 22 19 16 44
159 0 60 11 56 46 22 19 16 44
160 0 60 11 56 46 22 19 16 44
161 0 60 11 56 46 22 19 16 44
162 0 60 11 56 46 22 19 16 44
163 0 60 11 56 46 22 19 16 44
164 0 60 11 56 46 14 19 16 44
165 0 60 11 56 46 22 19 16 44
166 0 60 11 56 46 22 19 16 44
167 0 60 11 56 46 14 19 16 44
168 0 60 11 56 46 14 19 16 44
169 0 60 11 56 46 22 19 16 44
170 0 60 11 56 46 29 19 16 44
171 0 60 11 56 46 29 19 16 44
172 0 60 11 56 46 14 19 16 44
173 0 60 11 56 46 22 19 16 44
174 0 60 11 56 46 22 19 16 44
175 0 60 11 56 46 22 19 16 44
176 0 60 11 56 46 22 19 16 44
177 1 60 11 56 46 22 50 16 44
178 2 60 11 56 46 22 50 16 44
179 3 60 11 56 46 22 50 16 44
180 0 60 11 56 46 22 19 16 44
181 0 60 11 56 46 22 19 16 44
182 0 60 11 56 46 22 19 16 44
183 0 60 11 56 46 22 19 16 44
184 0 60 11 56 46 22 19 16 44
185 0 60 11 56 46 22 19 16 44
186 0 60 11 56 46 22 19 16 44
187 0 60 11 56 46 22 19 16 44
188 0 60 11 56 46 22 19 16 44
189 0 60 11 56 46 22 19 16 44
190 0 60 11 56 46 22 19 16 44
191 0 60 11 56 46 22 19 16 44
192 0 60 11 56 46 22 19 16 44
193 0 60 11 56 46 22 19 16 44
194 0 60 11 56 46 30 19 16 44
195 0 60 11 56 46 22 19 16 44
196 0 60 11 56 46 22 19 16 44
197 0 60 11 56 46 22 19 16 44
198 0 60 11 56 46 22 19 16 44
199 0 60 11 56 46 22 19 16 44
200 0 60 11 56 46 22 19 16 44
201 0 60 11 56 46 22 19 16 44
202 0 60 11 56 46 22 19 16 44
203 0 60 11 56 46 22 19 16 44
204 0 60 11 56 46 22 19 16 44
205 0 60 60 56 46 22 19 16 44
206 0 60 60 56 46 22 19 16 44
207 0 60 60 56 46 22 19 16 44
208 0 60 11 56 46 22 19 16 44
209 0 60 11 56 46 22 19 16 44
210 1 60 11 56 46 22 50 16 44
211 2 60 11 56 46 22 50 16 44
212 3 60 11 56 46 22 50 16 44
213 4 60 11 56 46 22 50 16 44
214 5 60 11 56 46 22 50 16 44
215 6 60 11 56 46 22 50 16 44
216 7 60 11 56 46 22 50 16 44
217 8 60 11 56 46 22 50 16 44
218 9 60 11 56 46 22 50 16 44
219 10 60 11 56 46 22 50 16 44
220 11 60 11 56 46 22 50 16 44
221 12 60 11 56 46 22 50 16 44
222 13 60 11 56 46 22 50 16 44
223 14 60 11 56 46 22 50 16 44
224 15 60 11 56 46 22 50 16 44
225 16 60 11 56 46 22 50 16 44
226 17 60 11 56 46 22 50 16 44
227 18 60 11 56 46 22 50 16 44
228 19 60 11 56 46 22 50 16 44
229 20 60 11 56 46 22 50 16 44
230 21 60 11 56 46 22 50 16 44
231 22 60 11 56 46 22 50 16 44
232 23 60 11 56 46 22 50 16 44
233 24 60 11 56 46 22 50 16 44
234 25 60 11 56 46 22 50 16 44
235 26 60 11 56 46 22 50 16 44
236 27 60 11 56 46 22 50 16 44
237 28 60 11 56 46 22 50 16 44
238 29 60 11 56 46 22 50 16 44
239 30 60 11 56 46 22 50 16 44
240 31 60 11 56 46 22 50 16 44
241 32 60 11 56 46 22 50 16 44
242 33 60 11 56 46 22 50 16 44
243 34 60 11 56 46 22 50 16 44
244 35 60 11 56 46 22 50 16 44
245 36 60 11 56 46 22 50 16 44
246 37 60 11 56 46 22 50 16 44
247 38 60 11 56 46 22 50 16 44
248 39 60 11 56 46 22 50 16 44
249 40 60 11 56 46 22 50 16 44
250 41 60 11 56 46 22 50 16 44
251 42 60 11 56 46 22 50 16 44
252 43 60 11 56 46 22 50 16 44
253 44 60 11 56 46 22 50 16 44
254 45 60 11 56 46 22 50 16 44
255 46 60 11 56 46 22 50 16 44
256 47 60 11 56 46 22 50 16 44
257 48 60 11 56 46 22 50 16 44
258 49 60 11 56 46 22 50 16 44
259 50 60 11 56 46 22 50 16 44
260 51 60 11 56 46 22 50 16 44
261 52 60 11 56 46 22 50 16 44
262 53 60 11 56 46 22 50 16 44
263 54 60 11 56 46 22 50 16 44
264 55 60 11 56 46 22 50 16 44
265 56 60 11 56 46 22 50 16 44
266 57 60 11 56 46 22 50 16 44
267 58 60 11 56 46 22 50 16 44
268 59 60 11 56 46 22 50 16 44
269 60 60 11 56 46 22 50 16 44
270 61 60 11 56 46 22 50 16 44
271 62 60 11 56 46 22 50 16 44
272 63 60 11 56 46 22 50 16 44
273 64 60 11 56 46 22 50 16 44
274 65 60 11 56 46 22 50 16 44
275 66 60 11 56 46 22 50 16 44
276 67 60 11 56 46 22 50 16 44
277 68 60 11 56 46 22 50 16 44
278 69 60 11 56 46 22 50 16 44
279 70 60 11 56 46 22 50 16 44
280 71 60 11 56 46 22 50 16 44
281 72 60 11 56 46 22 50 16 44
282 73 60 11 56 46 22 50 16 44
283 74 60 11 56 46 22 50 16 44
284 75 60 11 56 46 22 50 16 44
285 76 60 11 56 46 22 50 16 44
286 77 60 11 56 46 22 50 16 44
287 78 60 11 56 46 22 50 16 44
288 79 60 11 56 46 22 50 16 44
289 80 60 11 56 46 22 50 16 44
290 81 60 11 56 46 22 50 16 44
291 82 60 11 56 46 22 50 16 44
292 83 60 11 56 46 22 50 16 44
293 84 60 11 56 46 22 50 16 44
294 85 60 11 56 46 22 50 16 44
295 86 60 11 56 46 22 50 16 44
296 87 60 11 56 46 22 50 16 44
297 88 60 11 56 46 22 50 16 44
298 89 60 11 56 46 22 50 16 44
299 90 60 11 56 46 22 50 16 44
300 91 60 11 56 46 22 50 16 44
301 92 60 11 56 46 22 50 16 44
302 93 60 11 56 46 22 50 16 44
303 94 60 11 56 46 22 50 16 44
304 95 60 11 56 46 22 50 16 44
305 96 60 11 56 46 22 50 16 44
306 97 60 11 56 46 22 50 16 44
307 98 60 11 56 46 22 50 16 44
308 99 60 11 56 46 22 50 16 44
309 100 60 11 56 46 22 50 16 44
310 101 60 11 56 46 22 50 16 44 - key guess in 310 iterations !!!
