# TABLE : secmatv1_2006_04_0809
# Time Index Range : 14450 - 14550 
# Target Round Key : 16 round 
# Find Peak Value of CPA Result
# RoundKey : 60 11 56 46 22 50 16 44
# Stability threshold : 100
iteration Stability Subkey0 ... Subkey7
1
2
3
4
5
6
7
8
9
10 0 20 47 2 22 22 4 34 44
11 0 50 47 60 22 41 52 22 44
12 0 60 21 47 46 41 52 16 44
13 0 50 47 18 2 22 52 16 44
14 0 50 36 18 51 22 37 16 44
15 0 60 36 18 42 22 37 52 44
16 0 60 36 18 42 22 37 45 44
17 0 60 13 18 42 22 37 45 44
18 0 60 42 18 42 22 37 45 44
19 0 60 36 18 46 22 50 16 44
20 0 60 23 18 46 22 50 45 44
21 0 60 47 18 46 22 50 45 44
22 0 60 11 56 46 22 50 45 44
23 0 60 11 56 46 22 50 45 44
24 1 60 11 56 46 22 50 16 44
25 2 60 11 56 46 22 50 16 44
26 3 60 11 56 46 22 50 16 44
27 4 60 11 56 46 22 50 16 44
28 5 60 11 56 46 22 50 16 44
29 6 60 11 56 46 22 50 16 44
30 6 60 24 56 46 22 50 16 44
31 6 60 11 56 46 22 50 47 44
32 6 60 11 56 46 22 50 47 44
33 6 60 11 56 46 22 50 47 44
34 6 60 11 56 46 22 50 61 44
35 6 60 11 18 46 22 50 47 44
36 7 60 11 56 46 22 50 16 44
37 8 60 11 56 46 22 50 16 44
38 9 60 11 56 46 22 50 16 44
39 10 60 11 56 46 22 50 16 44
40 11 60 11 56 46 22 50 16 44
41 12 60 11 56 46 22 50 16 44
42 13 60 11 56 46 22 50 16 44
43 14 60 11 56 46 22 50 16 44
44 15 60 11 56 46 22 50 16 44
45 16 60 11 56 46 22 50 16 44
46 17 60 11 56 46 22 50 16 44
47 18 60 11 56 46 22 50 16 44
48 19 60 11 56 46 22 50 16 44
49 20 60 11 56 46 22 50 16 44
50 21 60 11 56 46 22 50 16 44
51 22 60 11 56 46 22 50 16 44
52 23 60 11 56 46 22 50 16 44
53 24 60 11 56 46 22 50 16 44
54 25 60 11 56 46 22 50 16 44
55 26 60 11 56 46 22 50 16 44
56 27 60 11 56 46 22 50 16 44
57 28 60 11 56 46 22 50 16 44
58 29 60 11 56 46 22 50 16 44
59 30 60 11 56 46 22 50 16 44
60 31 60 11 56 46 22 50 16 44
61 32 60 11 56 46 22 50 16 44
62 33 60 11 56 46 22 50 16 44
63 34 60 11 56 46 22 50 16 44
64 35 60 11 56 46 22 50 16 44
65 36 60 11 56 46 22 50 16 44
66 37 60 11 56 46 22 50 16 44
67 38 60 11 56 46 22 50 16 44
68 39 60 11 56 46 22 50 16 44
69 40 60 11 56 46 22 50 16 44
70 41 60 11 56 46 22 50 16 44
71 42 60 11 56 46 22 50 16 44
72 43 60 11 56 46 22 50 16 44
73 44 60 11 56 46 22 50 16 44
74 45 60 11 56 46 22 50 16 44
75 46 60 11 56 46 22 50 16 44
76 47 60 11 56 46 22 50 16 44
77 48 60 11 56 46 22 50 16 44
78 49 60 11 56 46 22 50 16 44
79 50 60 11 56 46 22 50 16 44
80 51 60 11 56 46 22 50 16 44
81 52 60 11 56 46 22 50 16 44
82 53 60 11 56 46 22 50 16 44
83 54 60 11 56 46 22 50 16 44
84 55 60 11 56 46 22 50 16 44
85 56 60 11 56 46 22 50 16 44
86 57 60 11 56 46 22 50 16 44
87 58 60 11 56 46 22 50 16 44
88 59 60 11 56 46 22 50 16 44
89 60 60 11 56 46 22 50 16 44
90 61 60 11 56 46 22 50 16 44
91 62 60 11 56 46 22 50 16 44
92 63 60 11 56 46 22 50 16 44
93 64 60 11 56 46 22 50 16 44
94 65 60 11 56 46 22 50 16 44
95 66 60 11 56 46 22 50 16 44
96 67 60 11 56 46 22 50 16 44
97 68 60 11 56 46 22 50 16 44
98 69 60 11 56 46 22 50 16 44
99 70 60 11 56 46 22 50 16 44
100 71 60 11 56 46 22 50 16 44
101 72 60 11 56 46 22 50 16 44
102 73 60 11 56 46 22 50 16 44
103 74 60 11 56 46 22 50 16 44
104 75 60 11 56 46 22 50 16 44
105 76 60 11 56 46 22 50 16 44
106 77 60 11 56 46 22 50 16 44
107 78 60 11 56 46 22 50 16 44
108 79 60 11 56 46 22 50 16 44
109 80 60 11 56 46 22 50 16 44
110 81 60 11 56 46 22 50 16 44
111 82 60 11 56 46 22 50 16 44
112 83 60 11 56 46 22 50 16 44
113 84 60 11 56 46 22 50 16 44
114 85 60 11 56 46 22 50 16 44
115 86 60 11 56 46 22 50 16 44
116 87 60 11 56 46 22 50 16 44
117 88 60 11 56 46 22 50 16 44
118 89 60 11 56 46 22 50 16 44
119 90 60 11 56 46 22 50 16 44
120 91 60 11 56 46 22 50 16 44
121 92 60 11 56 46 22 50 16 44
122 93 60 11 56 46 22 50 16 44
123 94 60 11 56 46 22 50 16 44
124 95 60 11 56 46 22 50 16 44
125 96 60 11 56 46 22 50 16 44
126 97 60 11 56 46 22 50 16 44
127 98 60 11 56 46 22 50 16 44
128 99 60 11 56 46 22 50 16 44
129 100 60 11 56 46 22 50 16 44 <---------- 
130 101 60 11 56 46 22 50 16 44
131 102 60 11 56 46 22 50 16 44
132 103 60 11 56 46 22 50 16 44
133 104 60 11 56 46 22 50 16 44
134 105 60 11 56 46 22 50 16 44
135 106 60 11 56 46 22 50 16 44
136 107 60 11 56 46 22 50 16 44
137 108 60 11 56 46 22 50 16 44
138 109 60 11 56 46 22 50 16 44
139 110 60 11 56 46 22 50 16 44
140 111 60 11 56 46 22 50 16 44
141 112 60 11 56 46 22 50 16 44
142 113 60 11 56 46 22 50 16 44
143 114 60 11 56 46 22 50 16 44
144 115 60 11 56 46 22 50 16 44
145 116 60 11 56 46 22 50 16 44
146 117 60 11 56 46 22 50 16 44
147 118 60 11 56 46 22 50 16 44
148 119 60 11 56 46 22 50 16 44
149 120 60 11 56 46 22 50 16 44
150 121 60 11 56 46 22 50 16 44
151 122 60 11 56 46 22 50 16 44
152 123 60 11 56 46 22 50 16 44
153 124 60 11 56 46 22 50 16 44
154 125 60 11 56 46 22 50 16 44
155 126 60 11 56 46 22 50 16 44
156 127 60 11 56 46 22 50 16 44
157 128 60 11 56 46 22 50 16 44
158 129 60 11 56 46 22 50 16 44
159 130 60 11 56 46 22 50 16 44
160 131 60 11 56 46 22 50 16 44
161 132 60 11 56 46 22 50 16 44
162 133 60 11 56 46 22 50 16 44
163 134 60 11 56 46 22 50 16 44
164 135 60 11 56 46 22 50 16 44
165 136 60 11 56 46 22 50 16 44
166 137 60 11 56 46 22 50 16 44
167 138 60 11 56 46 22 50 16 44
168 139 60 11 56 46 22 50 16 44
169 140 60 11 56 46 22 50 16 44
170 141 60 11 56 46 22 50 16 44
171 142 60 11 56 46 22 50 16 44
172 143 60 11 56 46 22 50 16 44
173 144 60 11 56 46 22 50 16 44
174 145 60 11 56 46 22 50 16 44
175 146 60 11 56 46 22 50 16 44
176 147 60 11 56 46 22 50 16 44
177 148 60 11 56 46 22 50 16 44
178 149 60 11 56 46 22 50 16 44
179 150 60 11 56 46 22 50 16 44
180 151 60 11 56 46 22 50 16 44
181 152 60 11 56 46 22 50 16 44
182 153 60 11 56 46 22 50 16 44
183 154 60 11 56 46 22 50 16 44
184 155 60 11 56 46 22 50 16 44
185 156 60 11 56 46 22 50 16 44
186 157 60 11 56 46 22 50 16 44
187 158 60 11 56 46 22 50 16 44
188 159 60 11 56 46 22 50 16 44
189 160 60 11 56 46 22 50 16 44
190 161 60 11 56 46 22 50 16 44
191 162 60 11 56 46 22 50 16 44
192 163 60 11 56 46 22 50 16 44
193 164 60 11 56 46 22 50 16 44
194 165 60 11 56 46 22 50 16 44
195 166 60 11 56 46 22 50 16 44
196 167 60 11 56 46 22 50 16 44
197 168 60 11 56 46 22 50 16 44
198 169 60 11 56 46 22 50 16 44
199 170 60 11 56 46 22 50 16 44
200 171 60 11 56 46 22 50 16 44
201 172 60 11 56 46 22 50 16 44
202 173 60 11 56 46 22 50 16 44
203 174 60 11 56 46 22 50 16 44
204 175 60 11 56 46 22 50 16 44
205 176 60 11 56 46 22 50 16 44
206 177 60 11 56 46 22 50 16 44
207 178 60 11 56 46 22 50 16 44
208 179 60 11 56 46 22 50 16 44
209 180 60 11 56 46 22 50 16 44
210 181 60 11 56 46 22 50 16 44
211 182 60 11 56 46 22 50 16 44
212 183 60 11 56 46 22 50 16 44
213 184 60 11 56 46 22 50 16 44
214 185 60 11 56 46 22 50 16 44
215 186 60 11 56 46 22 50 16 44
216 187 60 11 56 46 22 50 16 44
217 188 60 11 56 46 22 50 16 44
218 189 60 11 56 46 22 50 16 44
219 190 60 11 56 46 22 50 16 44
220 191 60 11 56 46 22 50 16 44
221 192 60 11 56 46 22 50 16 44
222 193 60 11 56 46 22 50 16 44
223 194 60 11 56 46 22 50 16 44
224 195 60 11 56 46 22 50 16 44
225 196 60 11 56 46 22 50 16 44
226 197 60 11 56 46 22 50 16 44
227 198 60 11 56 46 22 50 16 44
228 199 60 11 56 46 22 50 16 44
229 200 60 11 56 46 22 50 16 44
230 201 60 11 56 46 22 50 16 44
231 202 60 11 56 46 22 50 16 44
232 203 60 11 56 46 22 50 16 44
233 204 60 11 56 46 22 50 16 44
234 205 60 11 56 46 22 50 16 44
235 206 60 11 56 46 22 50 16 44
236 207 60 11 56 46 22 50 16 44
237 208 60 11 56 46 22 50 16 44
238 209 60 11 56 46 22 50 16 44
239 210 60 11 56 46 22 50 16 44
240 211 60 11 56 46 22 50 16 44
241 212 60 11 56 46 22 50 16 44
242 213 60 11 56 46 22 50 16 44
243 214 60 11 56 46 22 50 16 44
244 215 60 11 56 46 22 50 16 44
245 216 60 11 56 46 22 50 16 44
246 217 60 11 56 46 22 50 16 44
247 218 60 11 56 46 22 50 16 44
248 219 60 11 56 46 22 50 16 44
249 220 60 11 56 46 22 50 16 44
250 221 60 11 56 46 22 50 16 44
251 222 60 11 56 46 22 50 16 44
252 223 60 11 56 46 22 50 16 44
253 224 60 11 56 46 22 50 16 44
254 225 60 11 56 46 22 50 16 44
255 226 60 11 56 46 22 50 16 44
256 227 60 11 56 46 22 50 16 44
257 228 60 11 56 46 22 50 16 44
258 229 60 11 56 46 22 50 16 44
259 230 60 11 56 46 22 50 16 44
260 231 60 11 56 46 22 50 16 44
261 232 60 11 56 46 22 50 16 44
262 233 60 11 56 46 22 50 16 44
263 234 60 11 56 46 22 50 16 44
264 235 60 11 56 46 22 50 16 44
265 236 60 11 56 46 22 50 16 44
266 237 60 11 56 46 22 50 16 44
267 238 60 11 56 46 22 50 16 44
268 239 60 11 56 46 22 50 16 44
269 240 60 11 56 46 22 50 16 44
270 241 60 11 56 46 22 50 16 44
271 242 60 11 56 46 22 50 16 44
272 243 60 11 56 46 22 50 16 44
273 244 60 11 56 46 22 50 16 44
274 245 60 11 56 46 22 50 16 44
275 246 60 11 56 46 22 50 16 44
276 247 60 11 56 46 22 50 16 44
277 248 60 11 56 46 22 50 16 44
278 249 60 11 56 46 22 50 16 44
279 250 60 11 56 46 22 50 16 44
280 251 60 11 56 46 22 50 16 44
281 252 60 11 56 46 22 50 16 44
282 253 60 11 56 46 22 50 16 44
283 254 60 11 56 46 22 50 16 44
284 255 60 11 56 46 22 50 16 44
285 256 60 11 56 46 22 50 16 44
286 257 60 11 56 46 22 50 16 44
287 258 60 11 56 46 22 50 16 44
288 259 60 11 56 46 22 50 16 44
289 260 60 11 56 46 22 50 16 44
290 261 60 11 56 46 22 50 16 44
291 262 60 11 56 46 22 50 16 44
292 263 60 11 56 46 22 50 16 44
293 264 60 11 56 46 22 50 16 44
294 265 60 11 56 46 22 50 16 44
295 266 60 11 56 46 22 50 16 44
296 267 60 11 56 46 22 50 16 44
297 268 60 11 56 46 22 50 16 44
298 269 60 11 56 46 22 50 16 44
299 270 60 11 56 46 22 50 16 44
300 271 60 11 56 46 22 50 16 44
301 272 60 11 56 46 22 50 16 44
302 273 60 11 56 46 22 50 16 44
303 274 60 11 56 46 22 50 16 44
304 275 60 11 56 46 22 50 16 44
305 276 60 11 56 46 22 50 16 44
306 277 60 11 56 46 22 50 16 44
307 278 60 11 56 46 22 50 16 44
308 279 60 11 56 46 22 50 16 44
309 280 60 11 56 46 22 50 16 44
310 281 60 11 56 46 22 50 16 44
311 282 60 11 56 46 22 50 16 44
312 283 60 11 56 46 22 50 16 44
313 284 60 11 56 46 22 50 16 44
314 285 60 11 56 46 22 50 16 44
315 286 60 11 56 46 22 50 16 44
316 287 60 11 56 46 22 50 16 44
317 288 60 11 56 46 22 50 16 44
318 289 60 11 56 46 22 50 16 44
319 290 60 11 56 46 22 50 16 44
320 291 60 11 56 46 22 50 16 44
321 292 60 11 56 46 22 50 16 44
322 293 60 11 56 46 22 50 16 44
323 294 60 11 56 46 22 50 16 44
324 295 60 11 56 46 22 50 16 44
325 296 60 11 56 46 22 50 16 44
326 297 60 11 56 46 22 50 16 44
327 298 60 11 56 46 22 50 16 44
328 299 60 11 56 46 22 50 16 44
329 300 60 11 56 46 22 50 16 44
330 301 60 11 56 46 22 50 16 44
331 302 60 11 56 46 22 50 16 44
332 303 60 11 56 46 22 50 16 44
333 304 60 11 56 46 22 50 16 44
334 305 60 11 56 46 22 50 16 44
335 306 60 11 56 46 22 50 16 44
336 307 60 11 56 46 22 50 16 44
337 308 60 11 56 46 22 50 16 44
338 309 60 11 56 46 22 50 16 44
339 310 60 11 56 46 22 50 16 44
340 311 60 11 56 46 22 50 16 44
341 312 60 11 56 46 22 50 16 44
342 313 60 11 56 46 22 50 16 44
343 314 60 11 56 46 22 50 16 44
344 315 60 11 56 46 22 50 16 44
345 316 60 11 56 46 22 50 16 44
346 317 60 11 56 46 22 50 16 44
347 318 60 11 56 46 22 50 16 44
348 319 60 11 56 46 22 50 16 44
349 320 60 11 56 46 22 50 16 44
350 321 60 11 56 46 22 50 16 44
351 322 60 11 56 46 22 50 16 44
352 323 60 11 56 46 22 50 16 44
353 324 60 11 56 46 22 50 16 44
354 325 60 11 56 46 22 50 16 44
355 326 60 11 56 46 22 50 16 44
356 327 60 11 56 46 22 50 16 44
357 328 60 11 56 46 22 50 16 44
358 329 60 11 56 46 22 50 16 44
359 330 60 11 56 46 22 50 16 44
360 331 60 11 56 46 22 50 16 44
361 332 60 11 56 46 22 50 16 44
362 333 60 11 56 46 22 50 16 44
363 334 60 11 56 46 22 50 16 44
364 335 60 11 56 46 22 50 16 44
365 336 60 11 56 46 22 50 16 44
366 337 60 11 56 46 22 50 16 44
367 338 60 11 56 46 22 50 16 44
368 339 60 11 56 46 22 50 16 44
369 340 60 11 56 46 22 50 16 44
370 341 60 11 56 46 22 50 16 44
371 342 60 11 56 46 22 50 16 44
372 343 60 11 56 46 22 50 16 44
373 344 60 11 56 46 22 50 16 44
374 345 60 11 56 46 22 50 16 44
375 346 60 11 56 46 22 50 16 44
376 347 60 11 56 46 22 50 16 44
377 348 60 11 56 46 22 50 16 44
378 349 60 11 56 46 22 50 16 44
379 350 60 11 56 46 22 50 16 44
380 351 60 11 56 46 22 50 16 44
381 352 60 11 56 46 22 50 16 44
382 353 60 11 56 46 22 50 16 44
383 354 60 11 56 46 22 50 16 44
384 355 60 11 56 46 22 50 16 44
385 356 60 11 56 46 22 50 16 44
386 357 60 11 56 46 22 50 16 44
387 358 60 11 56 46 22 50 16 44
388 359 60 11 56 46 22 50 16 44
389 360 60 11 56 46 22 50 16 44
390 361 60 11 56 46 22 50 16 44
391 362 60 11 56 46 22 50 16 44
392 363 60 11 56 46 22 50 16 44
393 364 60 11 56 46 22 50 16 44
394 365 60 11 56 46 22 50 16 44
395 366 60 11 56 46 22 50 16 44
396 367 60 11 56 46 22 50 16 44
397 368 60 11 56 46 22 50 16 44
398 369 60 11 56 46 22 50 16 44
399 370 60 11 56 46 22 50 16 44
400 371 60 11 56 46 22 50 16 44
401 372 60 11 56 46 22 50 16 44
402 373 60 11 56 46 22 50 16 44
403 374 60 11 56 46 22 50 16 44
404 375 60 11 56 46 22 50 16 44
405 376 60 11 56 46 22 50 16 44
406 377 60 11 56 46 22 50 16 44
407 378 60 11 56 46 22 50 16 44
408 379 60 11 56 46 22 50 16 44
409 380 60 11 56 46 22 50 16 44
410 381 60 11 56 46 22 50 16 44
411 382 60 11 56 46 22 50 16 44
412 383 60 11 56 46 22 50 16 44
413 384 60 11 56 46 22 50 16 44
414 385 60 11 56 46 22 50 16 44
415 386 60 11 56 46 22 50 16 44
416 387 60 11 56 46 22 50 16 44
417 388 60 11 56 46 22 50 16 44
418 389 60 11 56 46 22 50 16 44
419 390 60 11 56 46 22 50 16 44
420 391 60 11 56 46 22 50 16 44
421 392 60 11 56 46 22 50 16 44
422 393 60 11 56 46 22 50 16 44
423 394 60 11 56 46 22 50 16 44
424 395 60 11 56 46 22 50 16 44
425 396 60 11 56 46 22 50 16 44
426 397 60 11 56 46 22 50 16 44
427 398 60 11 56 46 22 50 16 44
428 399 60 11 56 46 22 50 16 44
429 400 60 11 56 46 22 50 16 44
430 401 60 11 56 46 22 50 16 44
431 402 60 11 56 46 22 50 16 44
432 403 60 11 56 46 22 50 16 44
433 404 60 11 56 46 22 50 16 44
434 405 60 11 56 46 22 50 16 44
435 406 60 11 56 46 22 50 16 44
436 407 60 11 56 46 22 50 16 44
437 408 60 11 56 46 22 50 16 44
438 409 60 11 56 46 22 50 16 44
439 410 60 11 56 46 22 50 16 44
440 411 60 11 56 46 22 50 16 44
441 412 60 11 56 46 22 50 16 44
442 413 60 11 56 46 22 50 16 44
443 414 60 11 56 46 22 50 16 44
444 415 60 11 56 46 22 50 16 44
445 416 60 11 56 46 22 50 16 44
446 417 60 11 56 46 22 50 16 44
447 418 60 11 56 46 22 50 16 44
448 419 60 11 56 46 22 50 16 44
449 420 60 11 56 46 22 50 16 44
450 421 60 11 56 46 22 50 16 44
451 422 60 11 56 46 22 50 16 44
452 423 60 11 56 46 22 50 16 44
453 424 60 11 56 46 22 50 16 44
454 425 60 11 56 46 22 50 16 44
455 426 60 11 56 46 22 50 16 44
456 427 60 11 56 46 22 50 16 44
457 428 60 11 56 46 22 50 16 44
458 429 60 11 56 46 22 50 16 44
459 430 60 11 56 46 22 50 16 44
460 431 60 11 56 46 22 50 16 44
461 432 60 11 56 46 22 50 16 44
462 433 60 11 56 46 22 50 16 44
463 434 60 11 56 46 22 50 16 44
464 435 60 11 56 46 22 50 16 44
465 436 60 11 56 46 22 50 16 44
466 437 60 11 56 46 22 50 16 44
467 438 60 11 56 46 22 50 16 44
468 439 60 11 56 46 22 50 16 44
469 440 60 11 56 46 22 50 16 44
470 441 60 11 56 46 22 50 16 44
471 442 60 11 56 46 22 50 16 44
472 443 60 11 56 46 22 50 16 44
473 444 60 11 56 46 22 50 16 44
474 445 60 11 56 46 22 50 16 44
475 446 60 11 56 46 22 50 16 44
476 447 60 11 56 46 22 50 16 44
477 448 60 11 56 46 22 50 16 44
478 449 60 11 56 46 22 50 16 44
479 450 60 11 56 46 22 50 16 44
480 451 60 11 56 46 22 50 16 44
481 452 60 11 56 46 22 50 16 44
482 453 60 11 56 46 22 50 16 44
483 454 60 11 56 46 22 50 16 44
484 455 60 11 56 46 22 50 16 44
485 456 60 11 56 46 22 50 16 44
486 457 60 11 56 46 22 50 16 44
487 458 60 11 56 46 22 50 16 44
488 459 60 11 56 46 22 50 16 44
489 460 60 11 56 46 22 50 16 44
490 461 60 11 56 46 22 50 16 44
491 462 60 11 56 46 22 50 16 44
492 463 60 11 56 46 22 50 16 44
493 464 60 11 56 46 22 50 16 44
494 465 60 11 56 46 22 50 16 44
495 466 60 11 56 46 22 50 16 44
496 467 60 11 56 46 22 50 16 44
497 468 60 11 56 46 22 50 16 44
498 469 60 11 56 46 22 50 16 44
499 470 60 11 56 46 22 50 16 44
500 471 60 11 56 46 22 50 16 44
