# TABLE : secmatv1_2006_04_0809
# Time Index Range : 14450 - 14550 
# Target Round Key : 16 round 
# Find Peak Value of CPA Result
# RoundKey : 60 11 56 46 22 50 16 44
# Stability threshold : 100
iteration Stability Subkey0 ... Subkey7
1
2
3
4
5
6
7
8
9
10 0 12 28 33 14 22 52 22 47
11 0 50 21 62 14 22 52 22 47
12 0 60 24 47 14 22 52 16 47
13 0 60 24 54 2 22 52 16 44
14 0 60 14 18 46 22 52 16 44
15 0 60 14 18 46 22 52 41 44
16 0 60 36 18 46 22 37 41 44
17 0 60 36 18 46 22 53 16 44
18 0 60 36 18 46 22 37 16 44
19 0 60 36 18 46 22 11 16 44
20 0 63 11 18 46 22 50 45 44
21 0 63 11 18 46 22 50 45 44
22 0 60 11 18 46 22 50 45 44
23 0 63 11 18 46 22 50 45 44
24 0 60 11 18 46 22 50 16 44
25 1 60 11 56 46 22 50 16 44
26 2 60 11 56 46 22 50 16 44
27 2 60 11 18 46 22 50 16 44
28 3 60 11 56 46 22 50 16 44
29 4 60 11 56 46 22 50 16 44
30 4 60 24 56 46 22 50 16 44
31 5 60 11 56 46 22 50 16 44
32 5 60 11 18 46 22 50 16 44
33 5 60 11 18 46 22 50 16 44
34 5 60 11 18 46 22 50 16 44
35 5 60 11 18 46 22 50 16 44
36 6 60 11 56 46 22 50 16 44
37 7 60 11 56 46 22 50 16 44
38 8 60 11 56 46 22 50 16 44
39 9 60 11 56 46 22 50 16 44
40 10 60 11 56 46 22 50 16 44
41 11 60 11 56 46 22 50 16 44
42 12 60 11 56 46 22 50 16 44
43 13 60 11 56 46 22 50 16 44
44 14 60 11 56 46 22 50 16 44
45 15 60 11 56 46 22 50 16 44
46 16 60 11 56 46 22 50 16 44
47 17 60 11 56 46 22 50 16 44
48 18 60 11 56 46 22 50 16 44
49 19 60 11 56 46 22 50 16 44
50 20 60 11 56 46 22 50 16 44
51 21 60 11 56 46 22 50 16 44
52 22 60 11 56 46 22 50 16 44
53 23 60 11 56 46 22 50 16 44
54 24 60 11 56 46 22 50 16 44
55 25 60 11 56 46 22 50 16 44
56 26 60 11 56 46 22 50 16 44
57 27 60 11 56 46 22 50 16 44
58 28 60 11 56 46 22 50 16 44
59 29 60 11 56 46 22 50 16 44
60 30 60 11 56 46 22 50 16 44
61 31 60 11 56 46 22 50 16 44
62 32 60 11 56 46 22 50 16 44
63 33 60 11 56 46 22 50 16 44
64 34 60 11 56 46 22 50 16 44
65 35 60 11 56 46 22 50 16 44
66 36 60 11 56 46 22 50 16 44
67 37 60 11 56 46 22 50 16 44
68 38 60 11 56 46 22 50 16 44
69 39 60 11 56 46 22 50 16 44
70 40 60 11 56 46 22 50 16 44
71 41 60 11 56 46 22 50 16 44
72 42 60 11 56 46 22 50 16 44
73 43 60 11 56 46 22 50 16 44
74 44 60 11 56 46 22 50 16 44
75 45 60 11 56 46 22 50 16 44
76 46 60 11 56 46 22 50 16 44
77 47 60 11 56 46 22 50 16 44
78 48 60 11 56 46 22 50 16 44
79 49 60 11 56 46 22 50 16 44
80 50 60 11 56 46 22 50 16 44
81 51 60 11 56 46 22 50 16 44
82 52 60 11 56 46 22 50 16 44
83 53 60 11 56 46 22 50 16 44
84 54 60 11 56 46 22 50 16 44
85 55 60 11 56 46 22 50 16 44
86 56 60 11 56 46 22 50 16 44
87 57 60 11 56 46 22 50 16 44
88 58 60 11 56 46 22 50 16 44
89 59 60 11 56 46 22 50 16 44
90 60 60 11 56 46 22 50 16 44
91 61 60 11 56 46 22 50 16 44
92 62 60 11 56 46 22 50 16 44
93 63 60 11 56 46 22 50 16 44
94 64 60 11 56 46 22 50 16 44
95 65 60 11 56 46 22 50 16 44
96 66 60 11 56 46 22 50 16 44
97 67 60 11 56 46 22 50 16 44
98 68 60 11 56 46 22 50 16 44
99 69 60 11 56 46 22 50 16 44
100 70 60 11 56 46 22 50 16 44
101 71 60 11 56 46 22 50 16 44
102 72 60 11 56 46 22 50 16 44
103 73 60 11 56 46 22 50 16 44
104 74 60 11 56 46 22 50 16 44
105 75 60 11 56 46 22 50 16 44
106 76 60 11 56 46 22 50 16 44
107 77 60 11 56 46 22 50 16 44
108 78 60 11 56 46 22 50 16 44
109 79 60 11 56 46 22 50 16 44
110 80 60 11 56 46 22 50 16 44
111 81 60 11 56 46 22 50 16 44
112 82 60 11 56 46 22 50 16 44
113 83 60 11 56 46 22 50 16 44
114 84 60 11 56 46 22 50 16 44
115 85 60 11 56 46 22 50 16 44
116 86 60 11 56 46 22 50 16 44
117 87 60 11 56 46 22 50 16 44
118 88 60 11 56 46 22 50 16 44
119 89 60 11 56 46 22 50 16 44
120 90 60 11 56 46 22 50 16 44
121 91 60 11 56 46 22 50 16 44
122 92 60 11 56 46 22 50 16 44
123 93 60 11 56 46 22 50 16 44
124 94 60 11 56 46 22 50 16 44
125 95 60 11 56 46 22 50 16 44
126 96 60 11 56 46 22 50 16 44
127 97 60 11 56 46 22 50 16 44
128 98 60 11 56 46 22 50 16 44
129 99 60 11 56 46 22 50 16 44
130 100 60 11 56 46 22 50 16 44 <---------- 
131 101 60 11 56 46 22 50 16 44
132 102 60 11 56 46 22 50 16 44
133 103 60 11 56 46 22 50 16 44
134 104 60 11 56 46 22 50 16 44
135 105 60 11 56 46 22 50 16 44
136 106 60 11 56 46 22 50 16 44
137 107 60 11 56 46 22 50 16 44
138 108 60 11 56 46 22 50 16 44
139 109 60 11 56 46 22 50 16 44
140 110 60 11 56 46 22 50 16 44
141 111 60 11 56 46 22 50 16 44
142 112 60 11 56 46 22 50 16 44
143 113 60 11 56 46 22 50 16 44
144 114 60 11 56 46 22 50 16 44
145 115 60 11 56 46 22 50 16 44
146 116 60 11 56 46 22 50 16 44
147 117 60 11 56 46 22 50 16 44
148 118 60 11 56 46 22 50 16 44
149 119 60 11 56 46 22 50 16 44
150 120 60 11 56 46 22 50 16 44
151 121 60 11 56 46 22 50 16 44
152 122 60 11 56 46 22 50 16 44
153 123 60 11 56 46 22 50 16 44
154 124 60 11 56 46 22 50 16 44
155 125 60 11 56 46 22 50 16 44
156 126 60 11 56 46 22 50 16 44
157 127 60 11 56 46 22 50 16 44
158 128 60 11 56 46 22 50 16 44
159 129 60 11 56 46 22 50 16 44
160 130 60 11 56 46 22 50 16 44
161 131 60 11 56 46 22 50 16 44
162 132 60 11 56 46 22 50 16 44
163 133 60 11 56 46 22 50 16 44
164 134 60 11 56 46 22 50 16 44
165 135 60 11 56 46 22 50 16 44
166 136 60 11 56 46 22 50 16 44
167 137 60 11 56 46 22 50 16 44
168 138 60 11 56 46 22 50 16 44
169 139 60 11 56 46 22 50 16 44
170 140 60 11 56 46 22 50 16 44
171 141 60 11 56 46 22 50 16 44
172 142 60 11 56 46 22 50 16 44
173 143 60 11 56 46 22 50 16 44
174 144 60 11 56 46 22 50 16 44
175 145 60 11 56 46 22 50 16 44
176 146 60 11 56 46 22 50 16 44
177 147 60 11 56 46 22 50 16 44
178 148 60 11 56 46 22 50 16 44
179 149 60 11 56 46 22 50 16 44
180 150 60 11 56 46 22 50 16 44
181 151 60 11 56 46 22 50 16 44
182 152 60 11 56 46 22 50 16 44
183 153 60 11 56 46 22 50 16 44
184 154 60 11 56 46 22 50 16 44
185 155 60 11 56 46 22 50 16 44
186 156 60 11 56 46 22 50 16 44
187 157 60 11 56 46 22 50 16 44
188 158 60 11 56 46 22 50 16 44
189 159 60 11 56 46 22 50 16 44
190 160 60 11 56 46 22 50 16 44
191 161 60 11 56 46 22 50 16 44
192 162 60 11 56 46 22 50 16 44
193 163 60 11 56 46 22 50 16 44
194 164 60 11 56 46 22 50 16 44
195 165 60 11 56 46 22 50 16 44
196 166 60 11 56 46 22 50 16 44
197 167 60 11 56 46 22 50 16 44
198 168 60 11 56 46 22 50 16 44
199 169 60 11 56 46 22 50 16 44
200 170 60 11 56 46 22 50 16 44
201 171 60 11 56 46 22 50 16 44
202 172 60 11 56 46 22 50 16 44
203 173 60 11 56 46 22 50 16 44
204 174 60 11 56 46 22 50 16 44
205 175 60 11 56 46 22 50 16 44
206 176 60 11 56 46 22 50 16 44
207 177 60 11 56 46 22 50 16 44
208 178 60 11 56 46 22 50 16 44
209 179 60 11 56 46 22 50 16 44
210 180 60 11 56 46 22 50 16 44
211 181 60 11 56 46 22 50 16 44
212 182 60 11 56 46 22 50 16 44
213 183 60 11 56 46 22 50 16 44
214 184 60 11 56 46 22 50 16 44
215 185 60 11 56 46 22 50 16 44
216 186 60 11 56 46 22 50 16 44
217 187 60 11 56 46 22 50 16 44
218 188 60 11 56 46 22 50 16 44
219 189 60 11 56 46 22 50 16 44
220 190 60 11 56 46 22 50 16 44
221 191 60 11 56 46 22 50 16 44
222 192 60 11 56 46 22 50 16 44
223 193 60 11 56 46 22 50 16 44
224 194 60 11 56 46 22 50 16 44
225 195 60 11 56 46 22 50 16 44
226 196 60 11 56 46 22 50 16 44
227 197 60 11 56 46 22 50 16 44
228 198 60 11 56 46 22 50 16 44
229 199 60 11 56 46 22 50 16 44
230 200 60 11 56 46 22 50 16 44
231 201 60 11 56 46 22 50 16 44
232 202 60 11 56 46 22 50 16 44
233 203 60 11 56 46 22 50 16 44
234 204 60 11 56 46 22 50 16 44
235 205 60 11 56 46 22 50 16 44
236 206 60 11 56 46 22 50 16 44
237 207 60 11 56 46 22 50 16 44
238 208 60 11 56 46 22 50 16 44
239 209 60 11 56 46 22 50 16 44
240 210 60 11 56 46 22 50 16 44
241 211 60 11 56 46 22 50 16 44
242 212 60 11 56 46 22 50 16 44
243 213 60 11 56 46 22 50 16 44
244 214 60 11 56 46 22 50 16 44
245 215 60 11 56 46 22 50 16 44
246 216 60 11 56 46 22 50 16 44
247 217 60 11 56 46 22 50 16 44
248 218 60 11 56 46 22 50 16 44
249 219 60 11 56 46 22 50 16 44
250 220 60 11 56 46 22 50 16 44
251 221 60 11 56 46 22 50 16 44
252 222 60 11 56 46 22 50 16 44
253 223 60 11 56 46 22 50 16 44
254 224 60 11 56 46 22 50 16 44
255 225 60 11 56 46 22 50 16 44
256 226 60 11 56 46 22 50 16 44
257 227 60 11 56 46 22 50 16 44
258 228 60 11 56 46 22 50 16 44
259 229 60 11 56 46 22 50 16 44
260 230 60 11 56 46 22 50 16 44
261 231 60 11 56 46 22 50 16 44
262 232 60 11 56 46 22 50 16 44
263 233 60 11 56 46 22 50 16 44
264 234 60 11 56 46 22 50 16 44
265 235 60 11 56 46 22 50 16 44
266 236 60 11 56 46 22 50 16 44
267 237 60 11 56 46 22 50 16 44
268 238 60 11 56 46 22 50 16 44
269 239 60 11 56 46 22 50 16 44
270 240 60 11 56 46 22 50 16 44
271 241 60 11 56 46 22 50 16 44
272 242 60 11 56 46 22 50 16 44
273 243 60 11 56 46 22 50 16 44
274 244 60 11 56 46 22 50 16 44
275 245 60 11 56 46 22 50 16 44
276 246 60 11 56 46 22 50 16 44
277 247 60 11 56 46 22 50 16 44
278 248 60 11 56 46 22 50 16 44
279 249 60 11 56 46 22 50 16 44
280 250 60 11 56 46 22 50 16 44
281 251 60 11 56 46 22 50 16 44
282 252 60 11 56 46 22 50 16 44
283 253 60 11 56 46 22 50 16 44
284 254 60 11 56 46 22 50 16 44
285 255 60 11 56 46 22 50 16 44
286 256 60 11 56 46 22 50 16 44
287 257 60 11 56 46 22 50 16 44
288 258 60 11 56 46 22 50 16 44
289 259 60 11 56 46 22 50 16 44
290 260 60 11 56 46 22 50 16 44
291 261 60 11 56 46 22 50 16 44
292 262 60 11 56 46 22 50 16 44
293 263 60 11 56 46 22 50 16 44
294 264 60 11 56 46 22 50 16 44
295 265 60 11 56 46 22 50 16 44
296 266 60 11 56 46 22 50 16 44
297 267 60 11 56 46 22 50 16 44
298 268 60 11 56 46 22 50 16 44
299 269 60 11 56 46 22 50 16 44
300 270 60 11 56 46 22 50 16 44
301 271 60 11 56 46 22 50 16 44
302 272 60 11 56 46 22 50 16 44
303 273 60 11 56 46 22 50 16 44
304 274 60 11 56 46 22 50 16 44
305 275 60 11 56 46 22 50 16 44
306 276 60 11 56 46 22 50 16 44
307 277 60 11 56 46 22 50 16 44
308 278 60 11 56 46 22 50 16 44
309 279 60 11 56 46 22 50 16 44
310 280 60 11 56 46 22 50 16 44
311 281 60 11 56 46 22 50 16 44
312 282 60 11 56 46 22 50 16 44
313 283 60 11 56 46 22 50 16 44
314 284 60 11 56 46 22 50 16 44
315 285 60 11 56 46 22 50 16 44
316 286 60 11 56 46 22 50 16 44
317 287 60 11 56 46 22 50 16 44
318 288 60 11 56 46 22 50 16 44
319 289 60 11 56 46 22 50 16 44
320 290 60 11 56 46 22 50 16 44
321 291 60 11 56 46 22 50 16 44
322 292 60 11 56 46 22 50 16 44
323 293 60 11 56 46 22 50 16 44
324 294 60 11 56 46 22 50 16 44
325 295 60 11 56 46 22 50 16 44
326 296 60 11 56 46 22 50 16 44
327 297 60 11 56 46 22 50 16 44
328 298 60 11 56 46 22 50 16 44
329 299 60 11 56 46 22 50 16 44
330 300 60 11 56 46 22 50 16 44
331 301 60 11 56 46 22 50 16 44
332 302 60 11 56 46 22 50 16 44
333 303 60 11 56 46 22 50 16 44
334 304 60 11 56 46 22 50 16 44
335 305 60 11 56 46 22 50 16 44
336 306 60 11 56 46 22 50 16 44
337 307 60 11 56 46 22 50 16 44
338 308 60 11 56 46 22 50 16 44
339 309 60 11 56 46 22 50 16 44
340 310 60 11 56 46 22 50 16 44
341 311 60 11 56 46 22 50 16 44
342 312 60 11 56 46 22 50 16 44
343 313 60 11 56 46 22 50 16 44
344 314 60 11 56 46 22 50 16 44
345 315 60 11 56 46 22 50 16 44
346 316 60 11 56 46 22 50 16 44
347 317 60 11 56 46 22 50 16 44
348 318 60 11 56 46 22 50 16 44
349 319 60 11 56 46 22 50 16 44
350 320 60 11 56 46 22 50 16 44
351 321 60 11 56 46 22 50 16 44
352 322 60 11 56 46 22 50 16 44
353 323 60 11 56 46 22 50 16 44
354 324 60 11 56 46 22 50 16 44
355 325 60 11 56 46 22 50 16 44
356 326 60 11 56 46 22 50 16 44
357 327 60 11 56 46 22 50 16 44
358 328 60 11 56 46 22 50 16 44
359 329 60 11 56 46 22 50 16 44
360 330 60 11 56 46 22 50 16 44
361 331 60 11 56 46 22 50 16 44
362 332 60 11 56 46 22 50 16 44
363 333 60 11 56 46 22 50 16 44
364 334 60 11 56 46 22 50 16 44
365 335 60 11 56 46 22 50 16 44
366 336 60 11 56 46 22 50 16 44
367 337 60 11 56 46 22 50 16 44
368 338 60 11 56 46 22 50 16 44
369 339 60 11 56 46 22 50 16 44
370 340 60 11 56 46 22 50 16 44
371 341 60 11 56 46 22 50 16 44
372 342 60 11 56 46 22 50 16 44
373 343 60 11 56 46 22 50 16 44
374 344 60 11 56 46 22 50 16 44
375 345 60 11 56 46 22 50 16 44
376 346 60 11 56 46 22 50 16 44
377 347 60 11 56 46 22 50 16 44
378 348 60 11 56 46 22 50 16 44
379 349 60 11 56 46 22 50 16 44
380 350 60 11 56 46 22 50 16 44
381 351 60 11 56 46 22 50 16 44
382 352 60 11 56 46 22 50 16 44
383 353 60 11 56 46 22 50 16 44
384 354 60 11 56 46 22 50 16 44
385 355 60 11 56 46 22 50 16 44
386 356 60 11 56 46 22 50 16 44
387 357 60 11 56 46 22 50 16 44
388 358 60 11 56 46 22 50 16 44
389 359 60 11 56 46 22 50 16 44
390 360 60 11 56 46 22 50 16 44
391 361 60 11 56 46 22 50 16 44
392 362 60 11 56 46 22 50 16 44
393 363 60 11 56 46 22 50 16 44
394 364 60 11 56 46 22 50 16 44
395 365 60 11 56 46 22 50 16 44
396 366 60 11 56 46 22 50 16 44
397 367 60 11 56 46 22 50 16 44
398 368 60 11 56 46 22 50 16 44
399 369 60 11 56 46 22 50 16 44
400 370 60 11 56 46 22 50 16 44
401 371 60 11 56 46 22 50 16 44
402 372 60 11 56 46 22 50 16 44
403 373 60 11 56 46 22 50 16 44
404 374 60 11 56 46 22 50 16 44
405 375 60 11 56 46 22 50 16 44
406 376 60 11 56 46 22 50 16 44
407 377 60 11 56 46 22 50 16 44
408 378 60 11 56 46 22 50 16 44
409 379 60 11 56 46 22 50 16 44
410 380 60 11 56 46 22 50 16 44
411 381 60 11 56 46 22 50 16 44
412 382 60 11 56 46 22 50 16 44
413 383 60 11 56 46 22 50 16 44
414 384 60 11 56 46 22 50 16 44
415 385 60 11 56 46 22 50 16 44
416 386 60 11 56 46 22 50 16 44
417 387 60 11 56 46 22 50 16 44
418 388 60 11 56 46 22 50 16 44
419 389 60 11 56 46 22 50 16 44
420 390 60 11 56 46 22 50 16 44
421 391 60 11 56 46 22 50 16 44
422 392 60 11 56 46 22 50 16 44
423 393 60 11 56 46 22 50 16 44
424 394 60 11 56 46 22 50 16 44
425 395 60 11 56 46 22 50 16 44
426 396 60 11 56 46 22 50 16 44
427 397 60 11 56 46 22 50 16 44
428 398 60 11 56 46 22 50 16 44
429 399 60 11 56 46 22 50 16 44
430 400 60 11 56 46 22 50 16 44
431 401 60 11 56 46 22 50 16 44
432 402 60 11 56 46 22 50 16 44
433 403 60 11 56 46 22 50 16 44
434 404 60 11 56 46 22 50 16 44
435 405 60 11 56 46 22 50 16 44
436 406 60 11 56 46 22 50 16 44
437 407 60 11 56 46 22 50 16 44
438 408 60 11 56 46 22 50 16 44
439 409 60 11 56 46 22 50 16 44
440 410 60 11 56 46 22 50 16 44
441 411 60 11 56 46 22 50 16 44
442 412 60 11 56 46 22 50 16 44
443 413 60 11 56 46 22 50 16 44
444 414 60 11 56 46 22 50 16 44
445 415 60 11 56 46 22 50 16 44
446 416 60 11 56 46 22 50 16 44
447 417 60 11 56 46 22 50 16 44
448 418 60 11 56 46 22 50 16 44
449 419 60 11 56 46 22 50 16 44
450 420 60 11 56 46 22 50 16 44
451 421 60 11 56 46 22 50 16 44
452 422 60 11 56 46 22 50 16 44
453 423 60 11 56 46 22 50 16 44
454 424 60 11 56 46 22 50 16 44
455 425 60 11 56 46 22 50 16 44
456 426 60 11 56 46 22 50 16 44
457 427 60 11 56 46 22 50 16 44
458 428 60 11 56 46 22 50 16 44
459 429 60 11 56 46 22 50 16 44
460 430 60 11 56 46 22 50 16 44
461 431 60 11 56 46 22 50 16 44
462 432 60 11 56 46 22 50 16 44
463 433 60 11 56 46 22 50 16 44
464 434 60 11 56 46 22 50 16 44
465 435 60 11 56 46 22 50 16 44
466 436 60 11 56 46 22 50 16 44
467 437 60 11 56 46 22 50 16 44
468 438 60 11 56 46 22 50 16 44
469 439 60 11 56 46 22 50 16 44
470 440 60 11 56 46 22 50 16 44
471 441 60 11 56 46 22 50 16 44
472 442 60 11 56 46 22 50 16 44
473 443 60 11 56 46 22 50 16 44
474 444 60 11 56 46 22 50 16 44
475 445 60 11 56 46 22 50 16 44
476 446 60 11 56 46 22 50 16 44
477 447 60 11 56 46 22 50 16 44
478 448 60 11 56 46 22 50 16 44
479 449 60 11 56 46 22 50 16 44
480 450 60 11 56 46 22 50 16 44
481 451 60 11 56 46 22 50 16 44
482 452 60 11 56 46 22 50 16 44
483 453 60 11 56 46 22 50 16 44
484 454 60 11 56 46 22 50 16 44
485 455 60 11 56 46 22 50 16 44
486 456 60 11 56 46 22 50 16 44
487 457 60 11 56 46 22 50 16 44
488 458 60 11 56 46 22 50 16 44
489 459 60 11 56 46 22 50 16 44
490 460 60 11 56 46 22 50 16 44
491 461 60 11 56 46 22 50 16 44
492 462 60 11 56 46 22 50 16 44
493 463 60 11 56 46 22 50 16 44
494 464 60 11 56 46 22 50 16 44
495 465 60 11 56 46 22 50 16 44
496 466 60 11 56 46 22 50 16 44
497 467 60 11 56 46 22 50 16 44
498 468 60 11 56 46 22 50 16 44
499 469 60 11 56 46 22 50 16 44
500 470 60 11 56 46 22 50 16 44
