# TABLE : secmatv1_2006_04_0809
# Time Index Range : 14450 - 14550 
# Target Round Key : 16 round 
# Find Peak Value of CPA Result
# RoundKey : 60 11 56 46 22 50 16 44
# Stability threshold : 100
iteration Stability Subkey0 ... Subkey7
1
2
3
4
5
6
7
8
9
10 0 12 28 33 14 22 52 22 47
11 0 50 21 62 14 41 52 22 47
12 0 50 24 54 14 22 52 16 47
13 0 50 47 54 2 22 52 16 44
14 0 60 47 18 46 22 52 41 44
15 0 60 36 18 46 22 52 16 44
16 0 60 36 18 51 22 37 41 44
17 0 60 36 18 46 22 53 16 44
18 0 60 36 25 46 22 37 16 44
19 0 60 36 18 46 22 50 16 44
20 0 63 11 18 46 22 50 45 44
21 0 63 11 18 46 22 50 45 44
22 0 63 11 18 46 22 50 45 44
23 0 63 11 18 46 22 50 45 44
24 0 50 11 56 46 22 50 16 44
25 0 63 11 56 46 22 50 16 44
26 0 63 11 56 46 22 50 16 44
27 1 60 11 56 46 22 50 16 44
28 2 60 11 56 46 22 50 16 44
29 3 60 11 56 46 22 50 16 44
30 3 60 24 56 46 22 50 16 44
31 4 60 11 56 46 22 50 16 44
32 4 60 11 18 46 22 50 16 44
33 4 60 11 18 46 22 50 16 44
34 4 60 11 18 46 22 50 16 44
35 4 60 11 18 46 22 50 16 44
36 5 60 11 56 46 22 50 16 44
37 6 60 11 56 46 22 50 16 44
38 7 60 11 56 46 22 50 16 44
39 8 60 11 56 46 22 50 16 44
40 9 60 11 56 46 22 50 16 44
41 10 60 11 56 46 22 50 16 44
42 11 60 11 56 46 22 50 16 44
43 12 60 11 56 46 22 50 16 44
44 13 60 11 56 46 22 50 16 44
45 14 60 11 56 46 22 50 16 44
46 15 60 11 56 46 22 50 16 44
47 16 60 11 56 46 22 50 16 44
48 17 60 11 56 46 22 50 16 44
49 18 60 11 56 46 22 50 16 44
50 19 60 11 56 46 22 50 16 44
51 20 60 11 56 46 22 50 16 44
52 21 60 11 56 46 22 50 16 44
53 22 60 11 56 46 22 50 16 44
54 23 60 11 56 46 22 50 16 44
55 24 60 11 56 46 22 50 16 44
56 25 60 11 56 46 22 50 16 44
57 26 60 11 56 46 22 50 16 44
58 27 60 11 56 46 22 50 16 44
59 28 60 11 56 46 22 50 16 44
60 29 60 11 56 46 22 50 16 44
61 30 60 11 56 46 22 50 16 44
62 31 60 11 56 46 22 50 16 44
63 32 60 11 56 46 22 50 16 44
64 33 60 11 56 46 22 50 16 44
65 34 60 11 56 46 22 50 16 44
66 35 60 11 56 46 22 50 16 44
67 36 60 11 56 46 22 50 16 44
68 37 60 11 56 46 22 50 16 44
69 38 60 11 56 46 22 50 16 44
70 39 60 11 56 46 22 50 16 44
71 40 60 11 56 46 22 50 16 44
72 41 60 11 56 46 22 50 16 44
73 42 60 11 56 46 22 50 16 44
74 43 60 11 56 46 22 50 16 44
75 44 60 11 56 46 22 50 16 44
76 45 60 11 56 46 22 50 16 44
77 46 60 11 56 46 22 50 16 44
78 47 60 11 56 46 22 50 16 44
79 48 60 11 56 46 22 50 16 44
80 49 60 11 56 46 22 50 16 44
81 50 60 11 56 46 22 50 16 44
82 51 60 11 56 46 22 50 16 44
83 52 60 11 56 46 22 50 16 44
84 53 60 11 56 46 22 50 16 44
85 54 60 11 56 46 22 50 16 44
86 55 60 11 56 46 22 50 16 44
87 56 60 11 56 46 22 50 16 44
88 57 60 11 56 46 22 50 16 44
89 58 60 11 56 46 22 50 16 44
90 59 60 11 56 46 22 50 16 44
91 60 60 11 56 46 22 50 16 44
92 61 60 11 56 46 22 50 16 44
93 62 60 11 56 46 22 50 16 44
94 63 60 11 56 46 22 50 16 44
95 64 60 11 56 46 22 50 16 44
96 65 60 11 56 46 22 50 16 44
97 66 60 11 56 46 22 50 16 44
98 67 60 11 56 46 22 50 16 44
99 68 60 11 56 46 22 50 16 44
100 69 60 11 56 46 22 50 16 44
101 70 60 11 56 46 22 50 16 44
102 71 60 11 56 46 22 50 16 44
103 72 60 11 56 46 22 50 16 44
104 73 60 11 56 46 22 50 16 44
105 74 60 11 56 46 22 50 16 44
106 75 60 11 56 46 22 50 16 44
107 76 60 11 56 46 22 50 16 44
108 77 60 11 56 46 22 50 16 44
109 78 60 11 56 46 22 50 16 44
110 79 60 11 56 46 22 50 16 44
111 80 60 11 56 46 22 50 16 44
112 81 60 11 56 46 22 50 16 44
113 82 60 11 56 46 22 50 16 44
114 83 60 11 56 46 22 50 16 44
115 84 60 11 56 46 22 50 16 44
116 85 60 11 56 46 22 50 16 44
117 86 60 11 56 46 22 50 16 44
118 87 60 11 56 46 22 50 16 44
119 88 60 11 56 46 22 50 16 44
120 89 60 11 56 46 22 50 16 44
121 90 60 11 56 46 22 50 16 44
122 91 60 11 56 46 22 50 16 44
123 92 60 11 56 46 22 50 16 44
124 93 60 11 56 46 22 50 16 44
125 94 60 11 56 46 22 50 16 44
126 95 60 11 56 46 22 50 16 44
127 96 60 11 56 46 22 50 16 44
128 97 60 11 56 46 22 50 16 44
129 98 60 11 56 46 22 50 16 44
130 99 60 11 56 46 22 50 16 44
131 100 60 11 56 46 22 50 16 44 <---------- 
132 101 60 11 56 46 22 50 16 44
133 102 60 11 56 46 22 50 16 44
134 103 60 11 56 46 22 50 16 44
135 104 60 11 56 46 22 50 16 44
136 105 60 11 56 46 22 50 16 44
137 106 60 11 56 46 22 50 16 44
138 107 60 11 56 46 22 50 16 44
139 108 60 11 56 46 22 50 16 44
140 109 60 11 56 46 22 50 16 44
141 110 60 11 56 46 22 50 16 44
142 111 60 11 56 46 22 50 16 44
143 112 60 11 56 46 22 50 16 44
144 113 60 11 56 46 22 50 16 44
145 114 60 11 56 46 22 50 16 44
146 115 60 11 56 46 22 50 16 44
147 116 60 11 56 46 22 50 16 44
148 117 60 11 56 46 22 50 16 44
149 118 60 11 56 46 22 50 16 44
150 119 60 11 56 46 22 50 16 44
151 120 60 11 56 46 22 50 16 44
152 121 60 11 56 46 22 50 16 44
153 122 60 11 56 46 22 50 16 44
154 123 60 11 56 46 22 50 16 44
155 124 60 11 56 46 22 50 16 44
156 125 60 11 56 46 22 50 16 44
157 126 60 11 56 46 22 50 16 44
158 127 60 11 56 46 22 50 16 44
159 128 60 11 56 46 22 50 16 44
160 129 60 11 56 46 22 50 16 44
161 130 60 11 56 46 22 50 16 44
162 131 60 11 56 46 22 50 16 44
163 132 60 11 56 46 22 50 16 44
164 133 60 11 56 46 22 50 16 44
165 134 60 11 56 46 22 50 16 44
166 135 60 11 56 46 22 50 16 44
167 136 60 11 56 46 22 50 16 44
168 137 60 11 56 46 22 50 16 44
169 138 60 11 56 46 22 50 16 44
170 139 60 11 56 46 22 50 16 44
171 140 60 11 56 46 22 50 16 44
172 141 60 11 56 46 22 50 16 44
173 142 60 11 56 46 22 50 16 44
174 143 60 11 56 46 22 50 16 44
175 144 60 11 56 46 22 50 16 44
176 145 60 11 56 46 22 50 16 44
177 146 60 11 56 46 22 50 16 44
178 147 60 11 56 46 22 50 16 44
179 148 60 11 56 46 22 50 16 44
180 149 60 11 56 46 22 50 16 44
181 150 60 11 56 46 22 50 16 44
182 151 60 11 56 46 22 50 16 44
183 152 60 11 56 46 22 50 16 44
184 153 60 11 56 46 22 50 16 44
185 154 60 11 56 46 22 50 16 44
186 155 60 11 56 46 22 50 16 44
187 156 60 11 56 46 22 50 16 44
188 157 60 11 56 46 22 50 16 44
189 158 60 11 56 46 22 50 16 44
190 159 60 11 56 46 22 50 16 44
191 160 60 11 56 46 22 50 16 44
192 161 60 11 56 46 22 50 16 44
193 162 60 11 56 46 22 50 16 44
194 163 60 11 56 46 22 50 16 44
195 164 60 11 56 46 22 50 16 44
196 165 60 11 56 46 22 50 16 44
197 166 60 11 56 46 22 50 16 44
198 167 60 11 56 46 22 50 16 44
199 168 60 11 56 46 22 50 16 44
200 169 60 11 56 46 22 50 16 44
201 170 60 11 56 46 22 50 16 44
202 171 60 11 56 46 22 50 16 44
203 172 60 11 56 46 22 50 16 44
204 173 60 11 56 46 22 50 16 44
205 174 60 11 56 46 22 50 16 44
206 175 60 11 56 46 22 50 16 44
207 176 60 11 56 46 22 50 16 44
208 177 60 11 56 46 22 50 16 44
209 178 60 11 56 46 22 50 16 44
210 179 60 11 56 46 22 50 16 44
211 180 60 11 56 46 22 50 16 44
212 181 60 11 56 46 22 50 16 44
213 182 60 11 56 46 22 50 16 44
214 183 60 11 56 46 22 50 16 44
215 184 60 11 56 46 22 50 16 44
216 185 60 11 56 46 22 50 16 44
217 186 60 11 56 46 22 50 16 44
218 187 60 11 56 46 22 50 16 44
219 188 60 11 56 46 22 50 16 44
220 189 60 11 56 46 22 50 16 44
221 190 60 11 56 46 22 50 16 44
222 191 60 11 56 46 22 50 16 44
223 192 60 11 56 46 22 50 16 44
224 193 60 11 56 46 22 50 16 44
225 194 60 11 56 46 22 50 16 44
226 195 60 11 56 46 22 50 16 44
227 196 60 11 56 46 22 50 16 44
228 197 60 11 56 46 22 50 16 44
229 198 60 11 56 46 22 50 16 44
230 199 60 11 56 46 22 50 16 44
231 200 60 11 56 46 22 50 16 44
232 201 60 11 56 46 22 50 16 44
233 202 60 11 56 46 22 50 16 44
234 203 60 11 56 46 22 50 16 44
235 204 60 11 56 46 22 50 16 44
236 205 60 11 56 46 22 50 16 44
237 206 60 11 56 46 22 50 16 44
238 207 60 11 56 46 22 50 16 44
239 208 60 11 56 46 22 50 16 44
240 209 60 11 56 46 22 50 16 44
241 210 60 11 56 46 22 50 16 44
242 211 60 11 56 46 22 50 16 44
243 212 60 11 56 46 22 50 16 44
244 213 60 11 56 46 22 50 16 44
245 214 60 11 56 46 22 50 16 44
246 215 60 11 56 46 22 50 16 44
247 216 60 11 56 46 22 50 16 44
248 217 60 11 56 46 22 50 16 44
249 218 60 11 56 46 22 50 16 44
250 219 60 11 56 46 22 50 16 44
251 220 60 11 56 46 22 50 16 44
252 221 60 11 56 46 22 50 16 44
253 222 60 11 56 46 22 50 16 44
254 223 60 11 56 46 22 50 16 44
255 224 60 11 56 46 22 50 16 44
256 225 60 11 56 46 22 50 16 44
257 226 60 11 56 46 22 50 16 44
258 227 60 11 56 46 22 50 16 44
259 228 60 11 56 46 22 50 16 44
260 229 60 11 56 46 22 50 16 44
261 230 60 11 56 46 22 50 16 44
262 231 60 11 56 46 22 50 16 44
263 232 60 11 56 46 22 50 16 44
264 233 60 11 56 46 22 50 16 44
265 234 60 11 56 46 22 50 16 44
266 235 60 11 56 46 22 50 16 44
267 236 60 11 56 46 22 50 16 44
268 237 60 11 56 46 22 50 16 44
269 238 60 11 56 46 22 50 16 44
270 239 60 11 56 46 22 50 16 44
271 240 60 11 56 46 22 50 16 44
272 241 60 11 56 46 22 50 16 44
273 242 60 11 56 46 22 50 16 44
274 243 60 11 56 46 22 50 16 44
275 244 60 11 56 46 22 50 16 44
276 245 60 11 56 46 22 50 16 44
277 246 60 11 56 46 22 50 16 44
278 247 60 11 56 46 22 50 16 44
279 248 60 11 56 46 22 50 16 44
280 249 60 11 56 46 22 50 16 44
281 250 60 11 56 46 22 50 16 44
282 251 60 11 56 46 22 50 16 44
283 252 60 11 56 46 22 50 16 44
284 253 60 11 56 46 22 50 16 44
285 254 60 11 56 46 22 50 16 44
286 255 60 11 56 46 22 50 16 44
287 256 60 11 56 46 22 50 16 44
288 257 60 11 56 46 22 50 16 44
289 258 60 11 56 46 22 50 16 44
290 259 60 11 56 46 22 50 16 44
291 260 60 11 56 46 22 50 16 44
292 261 60 11 56 46 22 50 16 44
293 262 60 11 56 46 22 50 16 44
294 263 60 11 56 46 22 50 16 44
295 264 60 11 56 46 22 50 16 44
296 265 60 11 56 46 22 50 16 44
297 266 60 11 56 46 22 50 16 44
298 267 60 11 56 46 22 50 16 44
299 268 60 11 56 46 22 50 16 44
300 269 60 11 56 46 22 50 16 44
301 270 60 11 56 46 22 50 16 44
302 271 60 11 56 46 22 50 16 44
303 272 60 11 56 46 22 50 16 44
304 273 60 11 56 46 22 50 16 44
305 274 60 11 56 46 22 50 16 44
306 275 60 11 56 46 22 50 16 44
307 276 60 11 56 46 22 50 16 44
308 277 60 11 56 46 22 50 16 44
309 278 60 11 56 46 22 50 16 44
310 279 60 11 56 46 22 50 16 44
311 280 60 11 56 46 22 50 16 44
312 281 60 11 56 46 22 50 16 44
313 282 60 11 56 46 22 50 16 44
314 283 60 11 56 46 22 50 16 44
315 284 60 11 56 46 22 50 16 44
316 285 60 11 56 46 22 50 16 44
317 286 60 11 56 46 22 50 16 44
318 287 60 11 56 46 22 50 16 44
319 288 60 11 56 46 22 50 16 44
320 289 60 11 56 46 22 50 16 44
321 290 60 11 56 46 22 50 16 44
322 291 60 11 56 46 22 50 16 44
323 292 60 11 56 46 22 50 16 44
324 293 60 11 56 46 22 50 16 44
325 294 60 11 56 46 22 50 16 44
326 295 60 11 56 46 22 50 16 44
327 296 60 11 56 46 22 50 16 44
328 297 60 11 56 46 22 50 16 44
329 298 60 11 56 46 22 50 16 44
330 299 60 11 56 46 22 50 16 44
331 300 60 11 56 46 22 50 16 44
332 301 60 11 56 46 22 50 16 44
333 302 60 11 56 46 22 50 16 44
334 303 60 11 56 46 22 50 16 44
335 304 60 11 56 46 22 50 16 44
336 305 60 11 56 46 22 50 16 44
337 306 60 11 56 46 22 50 16 44
338 307 60 11 56 46 22 50 16 44
339 308 60 11 56 46 22 50 16 44
340 309 60 11 56 46 22 50 16 44
341 310 60 11 56 46 22 50 16 44
342 311 60 11 56 46 22 50 16 44
343 312 60 11 56 46 22 50 16 44
344 313 60 11 56 46 22 50 16 44
345 314 60 11 56 46 22 50 16 44
346 315 60 11 56 46 22 50 16 44
347 316 60 11 56 46 22 50 16 44
348 317 60 11 56 46 22 50 16 44
349 318 60 11 56 46 22 50 16 44
350 319 60 11 56 46 22 50 16 44
351 320 60 11 56 46 22 50 16 44
352 321 60 11 56 46 22 50 16 44
353 322 60 11 56 46 22 50 16 44
354 323 60 11 56 46 22 50 16 44
355 324 60 11 56 46 22 50 16 44
356 325 60 11 56 46 22 50 16 44
357 326 60 11 56 46 22 50 16 44
358 327 60 11 56 46 22 50 16 44
359 328 60 11 56 46 22 50 16 44
360 329 60 11 56 46 22 50 16 44
361 330 60 11 56 46 22 50 16 44
362 331 60 11 56 46 22 50 16 44
363 332 60 11 56 46 22 50 16 44
364 333 60 11 56 46 22 50 16 44
365 334 60 11 56 46 22 50 16 44
366 335 60 11 56 46 22 50 16 44
367 336 60 11 56 46 22 50 16 44
368 337 60 11 56 46 22 50 16 44
369 338 60 11 56 46 22 50 16 44
370 339 60 11 56 46 22 50 16 44
371 340 60 11 56 46 22 50 16 44
372 341 60 11 56 46 22 50 16 44
373 342 60 11 56 46 22 50 16 44
374 343 60 11 56 46 22 50 16 44
375 344 60 11 56 46 22 50 16 44
376 345 60 11 56 46 22 50 16 44
377 346 60 11 56 46 22 50 16 44
378 347 60 11 56 46 22 50 16 44
379 348 60 11 56 46 22 50 16 44
380 349 60 11 56 46 22 50 16 44
381 350 60 11 56 46 22 50 16 44
382 351 60 11 56 46 22 50 16 44
383 352 60 11 56 46 22 50 16 44
384 353 60 11 56 46 22 50 16 44
385 354 60 11 56 46 22 50 16 44
386 355 60 11 56 46 22 50 16 44
387 356 60 11 56 46 22 50 16 44
388 357 60 11 56 46 22 50 16 44
389 358 60 11 56 46 22 50 16 44
390 359 60 11 56 46 22 50 16 44
391 360 60 11 56 46 22 50 16 44
392 361 60 11 56 46 22 50 16 44
393 362 60 11 56 46 22 50 16 44
394 363 60 11 56 46 22 50 16 44
395 364 60 11 56 46 22 50 16 44
396 365 60 11 56 46 22 50 16 44
397 366 60 11 56 46 22 50 16 44
398 367 60 11 56 46 22 50 16 44
399 368 60 11 56 46 22 50 16 44
400 369 60 11 56 46 22 50 16 44
401 370 60 11 56 46 22 50 16 44
402 371 60 11 56 46 22 50 16 44
403 372 60 11 56 46 22 50 16 44
404 373 60 11 56 46 22 50 16 44
405 374 60 11 56 46 22 50 16 44
406 375 60 11 56 46 22 50 16 44
407 376 60 11 56 46 22 50 16 44
408 377 60 11 56 46 22 50 16 44
409 378 60 11 56 46 22 50 16 44
410 379 60 11 56 46 22 50 16 44
411 380 60 11 56 46 22 50 16 44
412 381 60 11 56 46 22 50 16 44
413 382 60 11 56 46 22 50 16 44
414 383 60 11 56 46 22 50 16 44
415 384 60 11 56 46 22 50 16 44
416 385 60 11 56 46 22 50 16 44
417 386 60 11 56 46 22 50 16 44
418 387 60 11 56 46 22 50 16 44
419 388 60 11 56 46 22 50 16 44
420 389 60 11 56 46 22 50 16 44
421 390 60 11 56 46 22 50 16 44
422 391 60 11 56 46 22 50 16 44
423 392 60 11 56 46 22 50 16 44
424 393 60 11 56 46 22 50 16 44
425 394 60 11 56 46 22 50 16 44
426 395 60 11 56 46 22 50 16 44
427 396 60 11 56 46 22 50 16 44
428 397 60 11 56 46 22 50 16 44
429 398 60 11 56 46 22 50 16 44
430 399 60 11 56 46 22 50 16 44
431 400 60 11 56 46 22 50 16 44
432 401 60 11 56 46 22 50 16 44
433 402 60 11 56 46 22 50 16 44
434 403 60 11 56 46 22 50 16 44
435 404 60 11 56 46 22 50 16 44
436 405 60 11 56 46 22 50 16 44
437 406 60 11 56 46 22 50 16 44
438 407 60 11 56 46 22 50 16 44
439 408 60 11 56 46 22 50 16 44
440 409 60 11 56 46 22 50 16 44
441 410 60 11 56 46 22 50 16 44
442 411 60 11 56 46 22 50 16 44
443 412 60 11 56 46 22 50 16 44
444 413 60 11 56 46 22 50 16 44
445 414 60 11 56 46 22 50 16 44
446 415 60 11 56 46 22 50 16 44
447 416 60 11 56 46 22 50 16 44
448 417 60 11 56 46 22 50 16 44
449 418 60 11 56 46 22 50 16 44
450 419 60 11 56 46 22 50 16 44
451 420 60 11 56 46 22 50 16 44
452 421 60 11 56 46 22 50 16 44
453 422 60 11 56 46 22 50 16 44
454 423 60 11 56 46 22 50 16 44
455 424 60 11 56 46 22 50 16 44
456 425 60 11 56 46 22 50 16 44
457 426 60 11 56 46 22 50 16 44
458 427 60 11 56 46 22 50 16 44
459 428 60 11 56 46 22 50 16 44
460 429 60 11 56 46 22 50 16 44
461 430 60 11 56 46 22 50 16 44
462 431 60 11 56 46 22 50 16 44
463 432 60 11 56 46 22 50 16 44
464 433 60 11 56 46 22 50 16 44
465 434 60 11 56 46 22 50 16 44
466 435 60 11 56 46 22 50 16 44
467 436 60 11 56 46 22 50 16 44
468 437 60 11 56 46 22 50 16 44
469 438 60 11 56 46 22 50 16 44
470 439 60 11 56 46 22 50 16 44
471 440 60 11 56 46 22 50 16 44
472 441 60 11 56 46 22 50 16 44
473 442 60 11 56 46 22 50 16 44
474 443 60 11 56 46 22 50 16 44
475 444 60 11 56 46 22 50 16 44
476 445 60 11 56 46 22 50 16 44
477 446 60 11 56 46 22 50 16 44
