# TABLE : secmatv1_2006_04_0809
# Time Index Range : 14450 - 14550 
# Target Round Key : 16 round 
# Find Peak Value of CPA Result
# RoundKey : 60 11 56 46 22 50 16 44
# Stability threshold : 100
iteration Stability Subkey0 ... Subkey7
1
2
3
4
5
6
7
8
9
10 0 39 37 47 49 49 50 9 0
11 0 16 33 62 58 21 50 9 33
12 0 16 61 62 58 22 50 16 63
13 0 16 33 62 46 22 50 32 33
14 0 16 27 62 46 22 50 32 33
15 0 16 33 62 46 22 50 32 33
16 0 60 11 2 46 22 50 16 44
17 0 60 11 2 46 22 50 16 44
18 0 60 11 15 46 22 50 32 44
19 0 60 11 15 46 22 50 32 44
20 0 60 11 23 46 22 50 32 44
21 0 60 11 23 46 22 50 32 44
22 0 60 11 47 46 22 50 32 44
23 1 60 11 56 46 22 50 16 44
24 0 60 36 56 46 22 50 16 44
25 0 60 36 56 46 22 50 16 44
26 0 60 36 56 46 22 50 16 44
27 0 60 36 56 46 22 50 16 44
28 0 60 36 56 46 22 50 16 44
29 1 60 11 56 46 22 50 16 44
30 2 60 11 56 46 22 50 16 44
31 3 60 11 56 46 22 50 16 44
32 4 60 11 56 46 22 50 16 44
33 5 60 11 56 46 22 50 16 44
34 6 60 11 56 46 22 50 16 44
35 7 60 11 56 46 22 50 16 44
36 8 60 11 56 46 22 50 16 44
37 9 60 11 56 46 22 50 16 44
38 10 60 11 56 46 22 50 16 44
39 11 60 11 56 46 22 50 16 44
40 12 60 11 56 46 22 50 16 44
41 13 60 11 56 46 22 50 16 44
42 14 60 11 56 46 22 50 16 44
43 15 60 11 56 46 22 50 16 44
44 16 60 11 56 46 22 50 16 44
45 17 60 11 56 46 22 50 16 44
46 18 60 11 56 46 22 50 16 44
47 19 60 11 56 46 22 50 16 44
48 20 60 11 56 46 22 50 16 44
49 21 60 11 56 46 22 50 16 44
50 22 60 11 56 46 22 50 16 44
51 23 60 11 56 46 22 50 16 44
52 24 60 11 56 46 22 50 16 44
53 25 60 11 56 46 22 50 16 44
54 26 60 11 56 46 22 50 16 44
55 27 60 11 56 46 22 50 16 44
56 28 60 11 56 46 22 50 16 44
57 29 60 11 56 46 22 50 16 44
58 30 60 11 56 46 22 50 16 44
59 31 60 11 56 46 22 50 16 44
60 32 60 11 56 46 22 50 16 44
61 33 60 11 56 46 22 50 16 44
62 34 60 11 56 46 22 50 16 44
63 35 60 11 56 46 22 50 16 44
64 36 60 11 56 46 22 50 16 44
65 37 60 11 56 46 22 50 16 44
66 38 60 11 56 46 22 50 16 44
67 39 60 11 56 46 22 50 16 44
68 40 60 11 56 46 22 50 16 44
69 41 60 11 56 46 22 50 16 44
70 42 60 11 56 46 22 50 16 44
71 43 60 11 56 46 22 50 16 44
72 44 60 11 56 46 22 50 16 44
73 45 60 11 56 46 22 50 16 44
74 46 60 11 56 46 22 50 16 44
75 47 60 11 56 46 22 50 16 44
76 48 60 11 56 46 22 50 16 44
77 49 60 11 56 46 22 50 16 44
78 50 60 11 56 46 22 50 16 44
79 51 60 11 56 46 22 50 16 44
80 52 60 11 56 46 22 50 16 44
81 53 60 11 56 46 22 50 16 44
82 54 60 11 56 46 22 50 16 44
83 55 60 11 56 46 22 50 16 44
84 56 60 11 56 46 22 50 16 44
85 57 60 11 56 46 22 50 16 44
86 58 60 11 56 46 22 50 16 44
87 59 60 11 56 46 22 50 16 44
88 60 60 11 56 46 22 50 16 44
89 61 60 11 56 46 22 50 16 44
90 62 60 11 56 46 22 50 16 44
91 63 60 11 56 46 22 50 16 44
92 64 60 11 56 46 22 50 16 44
93 65 60 11 56 46 22 50 16 44
94 66 60 11 56 46 22 50 16 44
95 67 60 11 56 46 22 50 16 44
96 68 60 11 56 46 22 50 16 44
97 69 60 11 56 46 22 50 16 44
98 70 60 11 56 46 22 50 16 44
99 71 60 11 56 46 22 50 16 44
100 72 60 11 56 46 22 50 16 44
101 73 60 11 56 46 22 50 16 44
102 74 60 11 56 46 22 50 16 44
103 75 60 11 56 46 22 50 16 44
104 76 60 11 56 46 22 50 16 44
105 77 60 11 56 46 22 50 16 44
106 78 60 11 56 46 22 50 16 44
107 79 60 11 56 46 22 50 16 44
108 80 60 11 56 46 22 50 16 44
109 81 60 11 56 46 22 50 16 44
110 82 60 11 56 46 22 50 16 44
111 83 60 11 56 46 22 50 16 44
112 84 60 11 56 46 22 50 16 44
113 85 60 11 56 46 22 50 16 44
114 86 60 11 56 46 22 50 16 44
115 87 60 11 56 46 22 50 16 44
116 88 60 11 56 46 22 50 16 44
117 89 60 11 56 46 22 50 16 44
118 90 60 11 56 46 22 50 16 44
119 91 60 11 56 46 22 50 16 44
120 92 60 11 56 46 22 50 16 44
121 93 60 11 56 46 22 50 16 44
122 94 60 11 56 46 22 50 16 44
123 95 60 11 56 46 22 50 16 44
124 96 60 11 56 46 22 50 16 44
125 97 60 11 56 46 22 50 16 44
126 98 60 11 56 46 22 50 16 44
127 99 60 11 56 46 22 50 16 44
128 100 60 11 56 46 22 50 16 44 <---------- 
129 101 60 11 56 46 22 50 16 44
130 102 60 11 56 46 22 50 16 44
131 103 60 11 56 46 22 50 16 44
132 104 60 11 56 46 22 50 16 44
133 105 60 11 56 46 22 50 16 44
134 106 60 11 56 46 22 50 16 44
135 107 60 11 56 46 22 50 16 44
136 108 60 11 56 46 22 50 16 44
137 109 60 11 56 46 22 50 16 44
138 110 60 11 56 46 22 50 16 44
139 111 60 11 56 46 22 50 16 44
140 112 60 11 56 46 22 50 16 44
141 113 60 11 56 46 22 50 16 44
142 114 60 11 56 46 22 50 16 44
143 115 60 11 56 46 22 50 16 44
144 116 60 11 56 46 22 50 16 44
145 117 60 11 56 46 22 50 16 44
146 118 60 11 56 46 22 50 16 44
147 119 60 11 56 46 22 50 16 44
148 120 60 11 56 46 22 50 16 44
149 121 60 11 56 46 22 50 16 44
150 122 60 11 56 46 22 50 16 44
151 123 60 11 56 46 22 50 16 44
152 124 60 11 56 46 22 50 16 44
153 125 60 11 56 46 22 50 16 44
154 126 60 11 56 46 22 50 16 44
155 127 60 11 56 46 22 50 16 44
156 128 60 11 56 46 22 50 16 44
157 129 60 11 56 46 22 50 16 44
158 130 60 11 56 46 22 50 16 44
159 131 60 11 56 46 22 50 16 44
160 132 60 11 56 46 22 50 16 44
161 133 60 11 56 46 22 50 16 44
162 134 60 11 56 46 22 50 16 44
163 135 60 11 56 46 22 50 16 44
164 136 60 11 56 46 22 50 16 44
165 137 60 11 56 46 22 50 16 44
166 138 60 11 56 46 22 50 16 44
167 139 60 11 56 46 22 50 16 44
168 140 60 11 56 46 22 50 16 44
169 141 60 11 56 46 22 50 16 44
170 142 60 11 56 46 22 50 16 44
171 143 60 11 56 46 22 50 16 44
172 144 60 11 56 46 22 50 16 44
173 145 60 11 56 46 22 50 16 44
174 146 60 11 56 46 22 50 16 44
175 147 60 11 56 46 22 50 16 44
176 148 60 11 56 46 22 50 16 44
177 149 60 11 56 46 22 50 16 44
178 150 60 11 56 46 22 50 16 44
179 151 60 11 56 46 22 50 16 44
180 152 60 11 56 46 22 50 16 44
181 153 60 11 56 46 22 50 16 44
182 154 60 11 56 46 22 50 16 44
183 155 60 11 56 46 22 50 16 44
184 156 60 11 56 46 22 50 16 44
185 157 60 11 56 46 22 50 16 44
186 158 60 11 56 46 22 50 16 44
187 159 60 11 56 46 22 50 16 44
188 160 60 11 56 46 22 50 16 44
189 161 60 11 56 46 22 50 16 44
190 162 60 11 56 46 22 50 16 44
191 163 60 11 56 46 22 50 16 44
192 164 60 11 56 46 22 50 16 44
193 165 60 11 56 46 22 50 16 44
194 166 60 11 56 46 22 50 16 44
195 167 60 11 56 46 22 50 16 44
196 168 60 11 56 46 22 50 16 44
197 169 60 11 56 46 22 50 16 44
198 170 60 11 56 46 22 50 16 44
199 171 60 11 56 46 22 50 16 44
200 172 60 11 56 46 22 50 16 44
201 173 60 11 56 46 22 50 16 44
202 174 60 11 56 46 22 50 16 44
203 175 60 11 56 46 22 50 16 44
204 176 60 11 56 46 22 50 16 44
205 177 60 11 56 46 22 50 16 44
206 178 60 11 56 46 22 50 16 44
207 179 60 11 56 46 22 50 16 44
208 180 60 11 56 46 22 50 16 44
209 181 60 11 56 46 22 50 16 44
210 182 60 11 56 46 22 50 16 44
211 183 60 11 56 46 22 50 16 44
212 184 60 11 56 46 22 50 16 44
213 185 60 11 56 46 22 50 16 44
214 186 60 11 56 46 22 50 16 44
215 187 60 11 56 46 22 50 16 44
216 188 60 11 56 46 22 50 16 44
217 189 60 11 56 46 22 50 16 44
218 190 60 11 56 46 22 50 16 44
219 191 60 11 56 46 22 50 16 44
220 192 60 11 56 46 22 50 16 44
221 193 60 11 56 46 22 50 16 44
222 194 60 11 56 46 22 50 16 44
223 195 60 11 56 46 22 50 16 44
224 196 60 11 56 46 22 50 16 44
225 197 60 11 56 46 22 50 16 44
226 198 60 11 56 46 22 50 16 44
227 199 60 11 56 46 22 50 16 44
228 200 60 11 56 46 22 50 16 44
229 201 60 11 56 46 22 50 16 44
230 202 60 11 56 46 22 50 16 44
231 203 60 11 56 46 22 50 16 44
232 204 60 11 56 46 22 50 16 44
233 205 60 11 56 46 22 50 16 44
234 206 60 11 56 46 22 50 16 44
235 207 60 11 56 46 22 50 16 44
236 208 60 11 56 46 22 50 16 44
237 209 60 11 56 46 22 50 16 44
238 210 60 11 56 46 22 50 16 44
239 211 60 11 56 46 22 50 16 44
240 212 60 11 56 46 22 50 16 44
241 213 60 11 56 46 22 50 16 44
242 214 60 11 56 46 22 50 16 44
243 215 60 11 56 46 22 50 16 44
244 216 60 11 56 46 22 50 16 44
245 217 60 11 56 46 22 50 16 44
246 218 60 11 56 46 22 50 16 44
247 219 60 11 56 46 22 50 16 44
248 220 60 11 56 46 22 50 16 44
249 221 60 11 56 46 22 50 16 44
250 222 60 11 56 46 22 50 16 44
251 223 60 11 56 46 22 50 16 44
252 224 60 11 56 46 22 50 16 44
253 225 60 11 56 46 22 50 16 44
254 226 60 11 56 46 22 50 16 44
255 227 60 11 56 46 22 50 16 44
256 228 60 11 56 46 22 50 16 44
257 229 60 11 56 46 22 50 16 44
258 230 60 11 56 46 22 50 16 44
259 231 60 11 56 46 22 50 16 44
260 232 60 11 56 46 22 50 16 44
261 233 60 11 56 46 22 50 16 44
262 234 60 11 56 46 22 50 16 44
263 235 60 11 56 46 22 50 16 44
264 236 60 11 56 46 22 50 16 44
265 237 60 11 56 46 22 50 16 44
266 238 60 11 56 46 22 50 16 44
267 239 60 11 56 46 22 50 16 44
268 240 60 11 56 46 22 50 16 44
269 241 60 11 56 46 22 50 16 44
270 242 60 11 56 46 22 50 16 44
271 243 60 11 56 46 22 50 16 44
272 244 60 11 56 46 22 50 16 44
273 245 60 11 56 46 22 50 16 44
274 246 60 11 56 46 22 50 16 44
275 247 60 11 56 46 22 50 16 44
276 248 60 11 56 46 22 50 16 44
277 249 60 11 56 46 22 50 16 44
278 250 60 11 56 46 22 50 16 44
279 251 60 11 56 46 22 50 16 44
280 252 60 11 56 46 22 50 16 44
281 253 60 11 56 46 22 50 16 44
282 254 60 11 56 46 22 50 16 44
283 255 60 11 56 46 22 50 16 44
284 256 60 11 56 46 22 50 16 44
285 257 60 11 56 46 22 50 16 44
286 258 60 11 56 46 22 50 16 44
287 259 60 11 56 46 22 50 16 44
288 260 60 11 56 46 22 50 16 44
289 261 60 11 56 46 22 50 16 44
290 262 60 11 56 46 22 50 16 44
291 263 60 11 56 46 22 50 16 44
292 264 60 11 56 46 22 50 16 44
293 265 60 11 56 46 22 50 16 44
294 266 60 11 56 46 22 50 16 44
295 267 60 11 56 46 22 50 16 44
296 268 60 11 56 46 22 50 16 44
297 269 60 11 56 46 22 50 16 44
298 270 60 11 56 46 22 50 16 44
299 271 60 11 56 46 22 50 16 44
300 272 60 11 56 46 22 50 16 44
301 273 60 11 56 46 22 50 16 44
302 274 60 11 56 46 22 50 16 44
303 275 60 11 56 46 22 50 16 44
304 276 60 11 56 46 22 50 16 44
305 277 60 11 56 46 22 50 16 44
306 278 60 11 56 46 22 50 16 44
307 279 60 11 56 46 22 50 16 44
308 280 60 11 56 46 22 50 16 44
309 281 60 11 56 46 22 50 16 44
310 282 60 11 56 46 22 50 16 44
311 283 60 11 56 46 22 50 16 44
312 284 60 11 56 46 22 50 16 44
313 285 60 11 56 46 22 50 16 44
314 286 60 11 56 46 22 50 16 44
315 287 60 11 56 46 22 50 16 44
316 288 60 11 56 46 22 50 16 44
317 289 60 11 56 46 22 50 16 44
318 290 60 11 56 46 22 50 16 44
319 291 60 11 56 46 22 50 16 44
320 292 60 11 56 46 22 50 16 44
321 293 60 11 56 46 22 50 16 44
322 294 60 11 56 46 22 50 16 44
323 295 60 11 56 46 22 50 16 44
324 296 60 11 56 46 22 50 16 44
325 297 60 11 56 46 22 50 16 44
326 298 60 11 56 46 22 50 16 44
327 299 60 11 56 46 22 50 16 44
328 300 60 11 56 46 22 50 16 44
329 301 60 11 56 46 22 50 16 44
330 302 60 11 56 46 22 50 16 44
331 303 60 11 56 46 22 50 16 44
332 304 60 11 56 46 22 50 16 44
333 305 60 11 56 46 22 50 16 44
334 306 60 11 56 46 22 50 16 44
335 307 60 11 56 46 22 50 16 44
336 308 60 11 56 46 22 50 16 44
337 309 60 11 56 46 22 50 16 44
338 310 60 11 56 46 22 50 16 44
339 311 60 11 56 46 22 50 16 44
340 312 60 11 56 46 22 50 16 44
341 313 60 11 56 46 22 50 16 44
342 314 60 11 56 46 22 50 16 44
343 315 60 11 56 46 22 50 16 44
344 316 60 11 56 46 22 50 16 44
345 317 60 11 56 46 22 50 16 44
346 318 60 11 56 46 22 50 16 44
347 319 60 11 56 46 22 50 16 44
348 320 60 11 56 46 22 50 16 44
349 321 60 11 56 46 22 50 16 44
350 322 60 11 56 46 22 50 16 44
351 323 60 11 56 46 22 50 16 44
352 324 60 11 56 46 22 50 16 44
353 325 60 11 56 46 22 50 16 44
354 326 60 11 56 46 22 50 16 44
355 327 60 11 56 46 22 50 16 44
356 328 60 11 56 46 22 50 16 44
357 329 60 11 56 46 22 50 16 44
358 330 60 11 56 46 22 50 16 44
359 331 60 11 56 46 22 50 16 44
360 332 60 11 56 46 22 50 16 44
361 333 60 11 56 46 22 50 16 44
362 334 60 11 56 46 22 50 16 44
363 335 60 11 56 46 22 50 16 44
364 336 60 11 56 46 22 50 16 44
365 337 60 11 56 46 22 50 16 44
366 338 60 11 56 46 22 50 16 44
367 339 60 11 56 46 22 50 16 44
368 340 60 11 56 46 22 50 16 44
369 341 60 11 56 46 22 50 16 44
370 342 60 11 56 46 22 50 16 44
371 343 60 11 56 46 22 50 16 44
372 344 60 11 56 46 22 50 16 44
373 345 60 11 56 46 22 50 16 44
374 346 60 11 56 46 22 50 16 44
375 347 60 11 56 46 22 50 16 44
376 348 60 11 56 46 22 50 16 44
377 349 60 11 56 46 22 50 16 44
378 350 60 11 56 46 22 50 16 44
379 351 60 11 56 46 22 50 16 44
380 352 60 11 56 46 22 50 16 44
381 353 60 11 56 46 22 50 16 44
382 354 60 11 56 46 22 50 16 44
383 355 60 11 56 46 22 50 16 44
384 356 60 11 56 46 22 50 16 44
385 357 60 11 56 46 22 50 16 44
386 358 60 11 56 46 22 50 16 44
387 359 60 11 56 46 22 50 16 44
388 360 60 11 56 46 22 50 16 44
389 361 60 11 56 46 22 50 16 44
390 362 60 11 56 46 22 50 16 44
391 363 60 11 56 46 22 50 16 44
392 364 60 11 56 46 22 50 16 44
393 365 60 11 56 46 22 50 16 44
394 366 60 11 56 46 22 50 16 44
395 367 60 11 56 46 22 50 16 44
396 368 60 11 56 46 22 50 16 44
397 369 60 11 56 46 22 50 16 44
398 370 60 11 56 46 22 50 16 44
399 371 60 11 56 46 22 50 16 44
400 372 60 11 56 46 22 50 16 44
401 373 60 11 56 46 22 50 16 44
402 374 60 11 56 46 22 50 16 44
403 375 60 11 56 46 22 50 16 44
404 376 60 11 56 46 22 50 16 44
405 377 60 11 56 46 22 50 16 44
406 378 60 11 56 46 22 50 16 44
407 379 60 11 56 46 22 50 16 44
408 380 60 11 56 46 22 50 16 44
409 381 60 11 56 46 22 50 16 44
410 382 60 11 56 46 22 50 16 44
411 383 60 11 56 46 22 50 16 44
412 384 60 11 56 46 22 50 16 44
413 385 60 11 56 46 22 50 16 44
414 386 60 11 56 46 22 50 16 44
415 387 60 11 56 46 22 50 16 44
416 388 60 11 56 46 22 50 16 44
417 389 60 11 56 46 22 50 16 44
418 390 60 11 56 46 22 50 16 44
419 391 60 11 56 46 22 50 16 44
420 392 60 11 56 46 22 50 16 44
421 393 60 11 56 46 22 50 16 44
422 394 60 11 56 46 22 50 16 44
423 395 60 11 56 46 22 50 16 44
424 396 60 11 56 46 22 50 16 44
425 397 60 11 56 46 22 50 16 44
426 398 60 11 56 46 22 50 16 44
427 399 60 11 56 46 22 50 16 44
428 400 60 11 56 46 22 50 16 44
429 401 60 11 56 46 22 50 16 44
430 402 60 11 56 46 22 50 16 44
431 403 60 11 56 46 22 50 16 44
432 404 60 11 56 46 22 50 16 44
433 405 60 11 56 46 22 50 16 44
434 406 60 11 56 46 22 50 16 44
435 407 60 11 56 46 22 50 16 44
436 408 60 11 56 46 22 50 16 44
437 409 60 11 56 46 22 50 16 44
438 410 60 11 56 46 22 50 16 44
439 411 60 11 56 46 22 50 16 44
440 412 60 11 56 46 22 50 16 44
441 413 60 11 56 46 22 50 16 44
442 414 60 11 56 46 22 50 16 44
443 415 60 11 56 46 22 50 16 44
444 416 60 11 56 46 22 50 16 44
445 417 60 11 56 46 22 50 16 44
446 418 60 11 56 46 22 50 16 44
447 419 60 11 56 46 22 50 16 44
448 420 60 11 56 46 22 50 16 44
449 421 60 11 56 46 22 50 16 44
450 422 60 11 56 46 22 50 16 44
451 423 60 11 56 46 22 50 16 44
452 424 60 11 56 46 22 50 16 44
453 425 60 11 56 46 22 50 16 44
454 426 60 11 56 46 22 50 16 44
455 427 60 11 56 46 22 50 16 44
456 428 60 11 56 46 22 50 16 44
457 429 60 11 56 46 22 50 16 44
458 430 60 11 56 46 22 50 16 44
459 431 60 11 56 46 22 50 16 44
460 432 60 11 56 46 22 50 16 44
461 433 60 11 56 46 22 50 16 44
462 434 60 11 56 46 22 50 16 44
463 435 60 11 56 46 22 50 16 44
464 436 60 11 56 46 22 50 16 44
465 437 60 11 56 46 22 50 16 44
466 438 60 11 56 46 22 50 16 44
467 439 60 11 56 46 22 50 16 44
468 440 60 11 56 46 22 50 16 44
469 441 60 11 56 46 22 50 16 44
470 442 60 11 56 46 22 50 16 44
471 443 60 11 56 46 22 50 16 44
472 444 60 11 56 46 22 50 16 44
473 445 60 11 56 46 22 50 16 44
474 446 60 11 56 46 22 50 16 44
475 447 60 11 56 46 22 50 16 44
476 448 60 11 56 46 22 50 16 44
477 449 60 11 56 46 22 50 16 44
478 450 60 11 56 46 22 50 16 44
479 451 60 11 56 46 22 50 16 44
480 452 60 11 56 46 22 50 16 44
481 453 60 11 56 46 22 50 16 44
482 454 60 11 56 46 22 50 16 44
483 455 60 11 56 46 22 50 16 44
484 456 60 11 56 46 22 50 16 44
485 457 60 11 56 46 22 50 16 44
486 458 60 11 56 46 22 50 16 44
487 459 60 11 56 46 22 50 16 44
488 460 60 11 56 46 22 50 16 44
489 461 60 11 56 46 22 50 16 44
490 462 60 11 56 46 22 50 16 44
491 463 60 11 56 46 22 50 16 44
492 464 60 11 56 46 22 50 16 44
493 465 60 11 56 46 22 50 16 44
494 466 60 11 56 46 22 50 16 44
495 467 60 11 56 46 22 50 16 44
496 468 60 11 56 46 22 50 16 44
497 469 60 11 56 46 22 50 16 44
498 470 60 11 56 46 22 50 16 44
499 471 60 11 56 46 22 50 16 44
500 472 60 11 56 46 22 50 16 44
