# Stability threshold: 100
# Iteration threshold: 100
1
2
3
4
5
6
7
8
9
10
11
12
13
14
15
16
17
18
19
20
21
22
23
24
25
26
27
28
29
30
31
32
33
34
35
36
37
38
39
40
41
42
43
44
45
46
47
48
49
50
51
52
53
54
55
56
57
58
59
60
61
62
63
64
65
66
67
68
69
70
71
72
73
74
75
76
77
78
79
80
81
82
83
84
85
86
87
88
89
90
91
92
93
94
95
96
97
98
99
100	0	60	11	29	19	5	50	16	44
101	0	60	11	3	19	5	50	16	44
102	0	60	11	29	19	5	50	16	44
103	0	60	11	29	19	5	50	16	44
104	0	60	11	29	19	5	50	16	44
105	0	60	11	29	19	5	50	16	44
106	0	60	11	29	19	5	50	16	44
107	0	60	11	29	19	5	50	16	44
108	0	60	11	3	19	5	50	16	44
109	0	60	11	3	19	5	50	16	44
110	0	60	11	29	19	5	50	16	44
111	0	60	11	29	19	5	50	16	44
112	0	60	11	3	19	5	50	16	44
113	0	60	11	3	19	5	50	16	44
114	0	60	11	3	19	5	50	16	44
115	0	60	11	3	19	5	50	16	44
116	0	60	11	3	19	5	50	16	44
117	0	60	11	3	19	5	50	16	44
118	0	60	11	56	19	5	50	16	44
119	0	60	11	63	19	5	50	16	44
120	0	60	11	56	19	5	50	16	44
121	0	60	11	56	19	5	50	16	44
122	0	60	11	56	19	5	50	16	44
123	0	60	11	56	19	5	50	16	44
124	0	60	11	56	19	5	50	16	44
125	0	60	11	56	19	5	50	16	44
126	0	60	40	56	19	5	50	16	44
127	0	60	40	56	19	5	50	16	44
128	0	60	40	56	19	5	50	16	44
129	0	60	11	56	19	5	50	16	44
130	0	60	11	56	19	5	50	16	44
131	0	60	11	56	19	5	50	16	44
132	0	60	11	56	19	5	50	16	44
133	0	60	11	56	19	5	50	16	44
134	0	60	11	56	19	5	50	16	44
135	0	60	11	56	19	5	50	16	44
136	0	60	11	56	19	5	50	16	44
137	0	60	11	56	19	5	50	16	44
138	0	60	11	56	19	38	50	16	44
139	0	60	11	56	19	5	50	16	44
140	0	60	11	56	19	22	50	16	44
141	0	60	11	56	19	38	50	16	44
142	0	60	11	56	19	22	50	16	44
143	0	60	11	56	19	22	50	16	44
144	0	60	11	56	19	22	50	16	44
145	0	60	11	56	56	22	50	16	44
146	0	60	11	56	56	22	50	16	44
147	0	60	11	56	56	22	50	16	44
148	0	60	11	56	56	38	50	16	44
149	0	60	11	56	51	22	50	16	44
150	0	60	11	56	13	22	50	16	44
151	0	60	11	56	13	38	50	16	44
152	0	60	11	56	13	38	50	16	44
153	0	60	11	56	13	5	50	16	44
154	0	60	11	56	13	38	50	16	44
155	0	60	11	56	13	38	50	16	44
156	0	60	11	56	13	38	50	16	44
157	0	60	11	56	13	38	50	16	44
158	0	60	11	56	13	38	50	16	44
159	0	60	11	56	13	38	50	16	44
160	0	60	11	56	13	38	50	16	44
161	0	60	11	56	51	38	50	16	44
162	0	60	11	56	51	5	50	16	44
163	0	60	11	56	51	5	50	16	44
164	0	60	11	56	51	5	50	16	44
165	0	60	11	56	51	5	50	16	44
166	0	60	11	56	51	5	50	16	44
167	0	60	11	56	51	5	50	16	44
168	0	60	11	56	51	5	50	16	44
169	0	60	11	56	51	5	50	16	44
170	0	60	11	56	51	5	50	16	44
171	0	60	11	56	51	5	50	16	44
172	0	60	11	56	51	5	50	16	44
173	0	60	11	56	51	5	50	16	44
174	0	60	53	56	51	5	50	16	44
175	0	60	11	56	9	5	50	16	44
176	0	60	11	56	9	5	50	16	44
177	0	60	11	56	46	5	50	16	44
178	0	60	11	56	46	5	50	16	44
179	0	60	11	56	46	5	50	16	44
180	0	60	11	56	46	5	50	16	44
181	0	60	11	56	46	5	50	16	44
182	0	60	11	56	9	5	50	16	44
183	0	60	53	56	46	5	50	16	44
184	0	60	53	56	46	5	50	16	44
185	0	60	53	56	46	5	50	16	44
186	0	60	53	56	46	5	50	16	44
187	0	60	11	56	46	5	50	16	44
188	0	60	53	56	46	5	50	16	44
189	0	60	53	56	46	5	50	16	44
190	0	60	53	56	46	5	50	16	44
191	0	60	53	56	46	5	50	16	44
192	0	60	53	56	46	5	50	16	44
193	0	60	53	56	46	5	50	16	44
194	0	60	53	56	46	5	50	16	44
195	0	60	53	56	46	5	50	16	44
196	0	60	53	56	46	5	50	16	44
197	0	60	53	56	46	5	50	16	44
198	0	60	53	56	46	37	50	16	44
199	0	60	53	56	46	37	50	16	44
200	0	60	53	56	46	5	50	16	44
201	0	60	53	56	46	5	50	16	44
202	1	60	11	56	46	22	50	16	44
203	0	60	11	56	46	5	50	16	44
204	0	60	11	56	46	5	50	16	44
205	0	60	11	56	46	5	50	16	44
206	1	60	11	56	46	22	50	16	44
207	0	60	53	56	46	22	50	16	44
208	0	60	53	56	46	22	50	16	44
209	0	60	53	56	46	22	50	16	44
210	1	60	11	56	46	22	50	16	44
211	2	60	11	56	46	22	50	16	44
212	3	60	11	56	46	22	50	16	44
213	0	60	11	56	46	5	50	16	44
214	0	60	11	56	46	5	50	16	44
215	0	60	11	56	46	5	50	16	44
216	0	60	11	56	46	5	50	16	44
217	0	60	11	56	46	5	50	16	44
218	0	60	11	56	46	5	50	16	44
219	1	60	11	56	46	22	50	16	44
220	2	60	11	56	46	22	50	16	44
221	3	60	11	56	46	22	50	16	44
222	4	60	11	56	46	22	50	16	44
223	5	60	11	56	46	22	50	16	44
224	6	60	11	56	46	22	50	16	44
225	7	60	11	56	46	22	50	16	44
226	8	60	11	56	46	22	50	16	44
227	0	60	11	56	46	5	50	16	44
228	0	60	11	56	46	5	50	16	44
229	1	60	11	56	46	22	50	16	44
230	2	60	11	56	46	22	50	16	44
231	3	60	11	56	46	22	50	16	44
232	0	60	11	56	46	38	50	16	44
233	1	60	11	56	46	22	50	16	44
234	0	60	11	56	46	38	50	16	44
235	0	60	11	56	46	38	50	16	44
236	0	60	11	56	46	38	50	16	44
237	0	60	11	56	46	38	50	16	44
238	0	60	11	56	46	38	50	16	44
239	0	60	11	56	46	38	50	16	44
240	0	60	11	56	46	38	50	16	44
241	0	60	11	56	46	38	50	16	44
242	0	60	11	56	46	38	50	16	44
243	0	60	11	56	46	38	50	16	44
244	0	60	11	56	46	38	50	16	44
245	0	60	11	56	46	38	50	16	44
246	0	60	11	56	46	38	50	16	44
247	0	60	11	56	46	38	50	16	44
248	0	60	11	56	46	38	50	16	44
249	1	60	11	56	46	22	50	16	44
250	2	60	11	56	46	22	50	16	44
251	3	60	11	56	46	22	50	16	44
252	0	60	11	56	46	5	50	16	44
253	0	60	11	56	46	38	50	16	44
254	0	60	11	56	46	38	50	16	44
255	1	60	11	56	46	22	50	16	44
256	2	60	11	56	46	22	50	16	44
257	3	60	11	56	46	22	50	16	44
258	4	60	11	56	46	22	50	16	44
259	5	60	11	56	46	22	50	16	44
260	6	60	11	56	46	22	50	16	44
261	7	60	11	56	46	22	50	16	44
262	0	60	11	56	46	38	50	16	44
263	0	60	11	56	46	38	50	16	44
264	1	60	11	56	46	22	50	16	44
265	2	60	11	56	46	22	50	16	44
266	3	60	11	56	46	22	50	16	44
267	4	60	11	56	46	22	50	16	44
268	5	60	11	56	46	22	50	16	44
269	6	60	11	56	46	22	50	16	44
270	7	60	11	56	46	22	50	16	44
271	8	60	11	56	46	22	50	16	44
272	9	60	11	56	46	22	50	16	44
273	10	60	11	56	46	22	50	16	44
274	11	60	11	56	46	22	50	16	44
275	12	60	11	56	46	22	50	16	44
276	13	60	11	56	46	22	50	16	44
277	14	60	11	56	46	22	50	16	44
278	15	60	11	56	46	22	50	16	44
279	16	60	11	56	46	22	50	16	44
280	17	60	11	56	46	22	50	16	44
281	18	60	11	56	46	22	50	16	44
282	19	60	11	56	46	22	50	16	44
283	20	60	11	56	46	22	50	16	44
284	21	60	11	56	46	22	50	16	44
285	22	60	11	56	46	22	50	16	44
286	23	60	11	56	46	22	50	16	44
287	24	60	11	56	46	22	50	16	44
288	25	60	11	56	46	22	50	16	44
289	26	60	11	56	46	22	50	16	44
290	27	60	11	56	46	22	50	16	44
291	28	60	11	56	46	22	50	16	44
292	29	60	11	56	46	22	50	16	44
293	30	60	11	56	46	22	50	16	44
294	31	60	11	56	46	22	50	16	44
295	32	60	11	56	46	22	50	16	44
296	33	60	11	56	46	22	50	16	44
297	34	60	11	56	46	22	50	16	44
298	35	60	11	56	46	22	50	16	44
299	36	60	11	56	46	22	50	16	44
300	37	60	11	56	46	22	50	16	44
301	38	60	11	56	46	22	50	16	44
302	39	60	11	56	46	22	50	16	44
303	40	60	11	56	46	22	50	16	44
304	41	60	11	56	46	22	50	16	44
305	42	60	11	56	46	22	50	16	44
306	43	60	11	56	46	22	50	16	44
307	44	60	11	56	46	22	50	16	44
308	45	60	11	56	46	22	50	16	44
309	46	60	11	56	46	22	50	16	44
310	47	60	11	56	46	22	50	16	44
311	48	60	11	56	46	22	50	16	44
312	49	60	11	56	46	22	50	16	44
313	50	60	11	56	46	22	50	16	44
314	51	60	11	56	46	22	50	16	44
315	52	60	11	56	46	22	50	16	44
316	53	60	11	56	46	22	50	16	44
317	54	60	11	56	46	22	50	16	44
318	55	60	11	56	46	22	50	16	44
319	56	60	11	56	46	22	50	16	44
320	57	60	11	56	46	22	50	16	44
321	58	60	11	56	46	22	50	16	44
322	59	60	11	56	46	22	50	16	44
323	60	60	11	56	46	22	50	16	44
324	61	60	11	56	46	22	50	16	44
325	62	60	11	56	46	22	50	16	44
326	63	60	11	56	46	22	50	16	44
327	64	60	11	56	46	22	50	16	44
328	65	60	11	56	46	22	50	16	44
329	66	60	11	56	46	22	50	16	44
330	67	60	11	56	46	22	50	16	44
331	68	60	11	56	46	22	50	16	44
332	69	60	11	56	46	22	50	16	44
333	70	60	11	56	46	22	50	16	44
334	71	60	11	56	46	22	50	16	44
335	72	60	11	56	46	22	50	16	44
336	73	60	11	56	46	22	50	16	44
337	74	60	11	56	46	22	50	16	44
338	75	60	11	56	46	22	50	16	44
339	76	60	11	56	46	22	50	16	44
340	77	60	11	56	46	22	50	16	44
341	78	60	11	56	46	22	50	16	44
342	79	60	11	56	46	22	50	16	44
343	80	60	11	56	46	22	50	16	44
344	81	60	11	56	46	22	50	16	44
345	82	60	11	56	46	22	50	16	44
346	83	60	11	56	46	22	50	16	44
347	84	60	11	56	46	22	50	16	44
348	85	60	11	56	46	22	50	16	44
349	86	60	11	56	46	22	50	16	44
350	87	60	11	56	46	22	50	16	44
351	88	60	11	56	46	22	50	16	44
352	89	60	11	56	46	22	50	16	44
353	90	60	11	56	46	22	50	16	44
354	91	60	11	56	46	22	50	16	44
355	92	60	11	56	46	22	50	16	44
356	93	60	11	56	46	22	50	16	44
357	94	60	11	56	46	22	50	16	44
358	95	60	11	56	46	22	50	16	44
359	96	60	11	56	46	22	50	16	44
360	97	60	11	56	46	22	50	16	44
361	98	60	11	56	46	22	50	16	44
362	99	60	11	56	46	22	50	16	44
363	100	60	11	56	46	22	50	16	44
# 1	363
################

# Stability threshold: 100
# Iteration threshold: 100
1
2
3
4
5
6
7
8
9
10
11
12
13
14
15
16
17
18
19
20
21
22
23
24
25
26
27
28
29
30
31
32
33
34
35
36
37
38
39
40
41
42
43
44
45
46
47
48
49
50
51
52
53
54
55
56
57
58
59
60
61
62
63
64
65
66
67
68
69
70
71
72
73
74
75
76
77
78
79
80
81
82
83
84
85
86
87
88
89
90
91
92
93
94
95
96
97
98
99
100	0	6	11	56	46	52	50	16	44
101	0	6	11	56	46	52	50	16	44
102	0	6	11	56	46	52	50	16	44
103	0	6	11	56	46	52	50	16	44
104	0	6	11	56	46	52	50	16	44
105	0	6	11	56	46	52	50	16	44
106	0	6	11	56	46	52	50	16	44
107	0	6	11	56	46	52	50	16	44
108	0	6	11	56	46	52	50	16	44
109	0	6	11	56	46	52	50	16	44
110	0	6	11	56	46	52	50	16	44
111	0	6	11	56	46	52	50	16	44
112	0	6	11	56	46	52	50	16	44
113	0	6	11	56	46	52	50	16	44
114	0	6	11	56	46	52	50	16	44
115	0	6	11	56	46	52	50	16	44
116	0	6	11	56	46	52	50	16	44
117	0	35	11	56	46	52	50	16	44
118	0	6	11	56	46	52	50	16	44
119	0	6	11	56	46	52	50	16	44
120	0	6	11	56	46	52	50	16	44
121	0	6	11	56	46	52	50	16	44
122	0	6	11	56	46	52	50	16	44
123	0	60	11	56	46	52	50	16	44
124	0	60	11	56	46	52	50	16	44
125	0	60	11	56	46	52	50	16	44
126	0	60	11	56	46	52	50	16	44
127	0	60	11	56	46	52	50	16	44
128	0	60	11	56	46	52	50	16	44
129	0	60	11	56	46	52	50	16	44
130	0	60	11	56	46	39	50	16	44
131	0	60	11	56	46	39	50	16	44
132	0	60	11	56	46	39	50	16	44
133	0	60	11	56	46	16	50	16	44
134	0	60	11	56	46	16	50	16	44
135	0	18	11	56	46	16	50	16	44
136	0	60	11	56	46	16	50	16	44
137	0	18	11	56	46	16	50	16	44
138	0	18	11	56	46	39	50	16	44
139	0	18	11	56	46	39	50	16	44
140	0	60	11	56	46	16	50	16	44
141	0	60	11	56	46	39	50	16	44
142	0	60	11	56	46	16	50	16	44
143	0	60	11	56	46	39	50	16	44
144	0	60	11	56	46	39	50	16	44
145	0	60	11	56	46	39	50	16	44
146	0	60	11	56	46	52	50	16	44
147	0	17	11	56	46	52	50	16	44
148	0	17	11	56	46	52	50	16	44
149	0	17	11	56	46	52	50	16	44
150	0	17	11	56	46	52	50	16	44
151	0	60	11	56	46	52	50	16	44
152	0	60	11	56	46	52	50	16	44
153	0	60	11	56	46	52	50	16	44
154	0	60	11	56	46	52	50	16	44
155	0	60	11	56	46	52	50	16	44
156	0	60	11	56	46	52	50	16	44
157	0	60	11	56	46	52	50	16	44
158	0	60	11	56	46	52	50	16	44
159	0	60	11	56	46	52	50	16	44
160	0	60	11	56	46	52	50	16	44
161	0	60	11	56	46	52	50	16	44
162	0	60	11	56	46	52	50	16	44
163	0	60	11	56	46	52	50	16	44
164	0	60	11	56	46	52	50	16	44
165	0	60	11	56	46	52	50	16	44
166	0	60	11	56	46	52	50	16	44
167	0	60	11	56	46	52	50	16	44
168	0	60	11	56	46	52	50	16	44
169	0	60	11	56	46	52	50	16	44
170	0	60	11	56	46	52	50	16	44
171	0	60	11	56	46	52	50	16	44
172	0	60	11	56	46	52	50	16	44
173	0	60	11	56	46	52	50	16	44
174	0	60	11	56	46	52	50	16	44
175	0	60	11	56	46	52	50	16	44
176	0	60	11	56	46	52	50	16	44
177	0	60	11	56	46	52	50	16	44
178	0	60	11	56	46	52	50	16	44
179	0	60	11	56	46	52	50	16	44
180	0	60	11	56	46	52	50	16	44
181	0	60	11	56	46	52	50	16	44
182	0	60	11	56	46	52	50	16	44
183	0	60	11	56	46	52	50	16	44
184	0	60	11	56	46	52	50	16	44
185	0	60	11	56	46	52	50	16	44
186	0	60	11	56	46	52	50	16	44
187	0	60	11	56	46	52	50	16	44
188	0	60	11	56	46	52	50	16	44
189	0	60	11	56	46	52	50	16	44
190	0	60	11	56	46	52	50	16	44
191	0	60	11	56	46	52	50	16	44
192	0	60	11	56	46	52	50	16	44
193	0	60	11	56	46	52	50	16	44
194	0	60	11	56	46	52	50	16	44
195	0	60	11	56	46	52	50	16	44
196	0	60	11	56	46	52	50	16	44
197	0	60	11	56	46	52	50	16	44
198	0	60	11	56	46	52	50	16	44
199	0	60	11	56	46	52	50	16	44
200	0	60	11	56	46	52	50	16	44
201	0	60	11	56	46	52	50	16	44
202	0	60	11	56	46	52	50	16	44
203	0	60	11	56	46	52	50	16	44
204	0	60	11	56	46	52	50	16	44
205	0	60	11	56	46	52	50	16	44
206	0	60	11	56	46	52	50	16	44
207	0	60	11	56	46	52	50	16	44
208	0	60	11	56	46	52	50	16	44
209	0	60	11	56	46	52	50	16	44
210	0	60	11	56	46	52	50	16	44
211	0	60	11	56	46	52	50	16	44
212	0	60	11	56	46	52	50	16	44
213	1	60	11	56	46	22	50	16	44
214	2	60	11	56	46	22	50	16	44
215	3	60	11	56	46	22	50	16	44
216	4	60	11	56	46	22	50	16	44
217	5	60	11	56	46	22	50	16	44
218	6	60	11	56	46	22	50	16	44
219	0	60	11	56	46	52	50	16	44
220	0	60	11	56	46	52	50	16	44
221	1	60	11	56	46	22	50	16	44
222	0	60	11	56	46	39	50	16	44
223	0	60	11	56	46	39	50	16	44
224	0	60	11	56	46	39	50	16	44
225	0	60	11	56	46	39	50	16	44
226	0	60	11	56	46	39	50	16	44
227	0	60	11	56	46	39	50	16	44
228	0	60	11	56	46	39	50	16	44
229	1	60	11	56	46	22	50	16	44
230	2	60	11	56	46	22	50	16	44
231	3	60	11	56	46	22	50	16	44
232	4	60	11	56	46	22	50	16	44
233	5	60	11	56	46	22	50	16	44
234	6	60	11	56	46	22	50	16	44
235	7	60	11	56	46	22	50	16	44
236	8	60	11	56	46	22	50	16	44
237	9	60	11	56	46	22	50	16	44
238	10	60	11	56	46	22	50	16	44
239	11	60	11	56	46	22	50	16	44
240	12	60	11	56	46	22	50	16	44
241	13	60	11	56	46	22	50	16	44
242	14	60	11	56	46	22	50	16	44
243	15	60	11	56	46	22	50	16	44
244	16	60	11	56	46	22	50	16	44
245	17	60	11	56	46	22	50	16	44
246	18	60	11	56	46	22	50	16	44
247	19	60	11	56	46	22	50	16	44
248	0	60	11	56	46	52	50	16	44
249	1	60	11	56	46	22	50	16	44
250	2	60	11	56	46	22	50	16	44
251	3	60	11	56	46	22	50	16	44
252	4	60	11	56	46	22	50	16	44
253	5	60	11	56	46	22	50	16	44
254	6	60	11	56	46	22	50	16	44
255	7	60	11	56	46	22	50	16	44
256	8	60	11	56	46	22	50	16	44
257	9	60	11	56	46	22	50	16	44
258	10	60	11	56	46	22	50	16	44
259	11	60	11	56	46	22	50	16	44
260	12	60	11	56	46	22	50	16	44
261	13	60	11	56	46	22	50	16	44
262	14	60	11	56	46	22	50	16	44
263	15	60	11	56	46	22	50	16	44
264	16	60	11	56	46	22	50	16	44
265	17	60	11	56	46	22	50	16	44
266	18	60	11	56	46	22	50	16	44
267	19	60	11	56	46	22	50	16	44
268	20	60	11	56	46	22	50	16	44
269	21	60	11	56	46	22	50	16	44
270	22	60	11	56	46	22	50	16	44
271	23	60	11	56	46	22	50	16	44
272	24	60	11	56	46	22	50	16	44
273	25	60	11	56	46	22	50	16	44
274	26	60	11	56	46	22	50	16	44
275	27	60	11	56	46	22	50	16	44
276	28	60	11	56	46	22	50	16	44
277	29	60	11	56	46	22	50	16	44
278	30	60	11	56	46	22	50	16	44
279	31	60	11	56	46	22	50	16	44
280	32	60	11	56	46	22	50	16	44
281	33	60	11	56	46	22	50	16	44
282	34	60	11	56	46	22	50	16	44
283	35	60	11	56	46	22	50	16	44
284	36	60	11	56	46	22	50	16	44
285	37	60	11	56	46	22	50	16	44
286	38	60	11	56	46	22	50	16	44
287	39	60	11	56	46	22	50	16	44
288	40	60	11	56	46	22	50	16	44
289	41	60	11	56	46	22	50	16	44
290	42	60	11	56	46	22	50	16	44
291	43	60	11	56	46	22	50	16	44
292	44	60	11	56	46	22	50	16	44
293	45	60	11	56	46	22	50	16	44
294	46	60	11	56	46	22	50	16	44
295	47	60	11	56	46	22	50	16	44
296	48	60	11	56	46	22	50	16	44
297	49	60	11	56	46	22	50	16	44
298	50	60	11	56	46	22	50	16	44
299	51	60	11	56	46	22	50	16	44
300	52	60	11	56	46	22	50	16	44
301	53	60	11	56	46	22	50	16	44
302	54	60	11	56	46	22	50	16	44
303	55	60	11	56	46	22	50	16	44
304	56	60	11	56	46	22	50	16	44
305	57	60	11	56	46	22	50	16	44
306	58	60	11	56	46	22	50	16	44
307	59	60	11	56	46	22	50	16	44
308	60	60	11	56	46	22	50	16	44
309	61	60	11	56	46	22	50	16	44
310	62	60	11	56	46	22	50	16	44
311	63	60	11	56	46	22	50	16	44
312	64	60	11	56	46	22	50	16	44
313	65	60	11	56	46	22	50	16	44
314	66	60	11	56	46	22	50	16	44
315	67	60	11	56	46	22	50	16	44
316	68	60	11	56	46	22	50	16	44
317	69	60	11	56	46	22	50	16	44
318	70	60	11	56	46	22	50	16	44
319	71	60	11	56	46	22	50	16	44
320	72	60	11	56	46	22	50	16	44
321	73	60	11	56	46	22	50	16	44
322	74	60	11	56	46	22	50	16	44
323	75	60	11	56	46	22	50	16	44
324	76	60	11	56	46	22	50	16	44
325	77	60	11	56	46	22	50	16	44
326	78	60	11	56	46	22	50	16	44
327	79	60	11	56	46	22	50	16	44
328	80	60	11	56	46	22	50	16	44
329	81	60	11	56	46	22	50	16	44
330	82	60	11	56	46	22	50	16	44
331	83	60	11	56	46	22	50	16	44
332	84	60	11	56	46	22	50	16	44
333	85	60	11	56	46	22	50	16	44
334	86	60	11	56	46	22	50	16	44
335	87	60	11	56	46	22	50	16	44
336	88	60	11	56	46	22	50	16	44
337	89	60	11	56	46	22	50	16	44
338	90	60	11	56	46	22	50	16	44
339	91	60	11	56	46	22	50	16	44
340	92	60	11	56	46	22	50	16	44
341	93	60	11	56	46	22	50	16	44
342	94	60	11	56	46	22	50	16	44
343	95	60	11	56	46	22	50	16	44
344	96	60	11	56	46	22	50	16	44
345	97	60	11	56	46	22	50	16	44
346	98	60	11	56	46	22	50	16	44
347	99	60	11	56	46	22	50	16	44
348	100	60	11	56	46	22	50	16	44
# 2	348
################

# Stability threshold: 100
# Iteration threshold: 100
1
2
3
4
5
6
7
8
9
10
11
12
13
14
15
16
17
18
19
20
21
22
23
24
25
26
27
28
29
30
31
32
33
34
35
36
37
38
39
40
41
42
43
44
45
46
47
48
49
50
51
52
53
54
55
56
57
58
59
60
61
62
63
64
65
66
67
68
69
70
71
72
73
74
75
76
77
78
79
80
81
82
83
84
85
86
87
88
89
90
91
92
93
94
95
96
97
98
99
100	0	44	6	56	46	51	50	16	44
101	0	44	6	56	46	51	50	16	44
102	0	44	6	56	46	51	50	16	44
103	0	44	6	56	46	51	50	16	44
104	0	44	6	56	46	51	50	16	44
105	0	44	6	56	46	51	50	16	44
106	0	21	6	56	17	51	50	16	44
107	0	21	6	56	46	51	50	16	44
108	0	44	6	56	46	51	50	16	44
109	0	44	6	56	46	51	50	16	44
110	0	21	6	56	29	51	50	16	44
111	0	44	6	56	46	51	50	16	44
112	0	44	6	56	29	51	50	16	44
113	0	44	6	56	29	51	50	16	44
114	0	44	6	56	29	51	50	16	44
115	0	44	6	56	0	51	50	16	44
116	0	44	6	56	0	51	50	16	44
117	0	44	6	56	46	51	48	16	44
118	0	44	6	56	46	51	48	16	44
119	0	44	6	56	46	51	48	16	44
120	0	44	6	56	46	51	48	16	44
121	0	44	6	56	46	51	48	16	44
122	0	44	6	56	29	51	50	16	44
123	0	44	6	56	29	51	50	16	44
124	0	44	6	56	29	51	50	16	44
125	0	44	6	56	29	51	48	48	44
126	0	44	6	56	29	51	50	48	44
127	0	44	6	56	29	51	50	16	44
128	0	44	6	56	29	51	50	16	44
129	0	44	6	56	8	51	50	16	44
130	0	44	6	56	46	51	50	16	44
131	0	44	6	56	29	51	50	48	44
132	0	44	6	56	46	51	50	48	44
133	0	44	6	56	46	51	50	48	44
134	0	44	6	56	46	51	50	48	44
135	0	44	6	56	29	51	50	48	44
136	0	44	6	56	46	51	50	48	44
137	0	44	6	56	46	51	50	48	44
138	0	44	11	56	46	51	50	48	44
139	0	44	11	56	46	51	50	48	44
140	0	44	11	56	46	51	50	48	44
141	0	44	6	56	46	51	50	48	46
142	0	44	6	56	46	51	50	48	46
143	0	44	6	56	46	51	50	48	46
144	0	44	6	56	46	51	50	48	46
145	0	44	6	56	46	51	50	48	46
146	0	44	6	56	46	51	50	48	46
147	0	44	6	56	46	51	50	48	46
148	0	44	6	56	46	51	50	48	46
149	0	44	6	56	46	51	50	48	46
150	0	44	6	56	46	51	50	48	46
151	0	44	6	56	46	51	50	48	46
152	0	44	6	56	46	51	50	48	44
153	0	44	6	56	46	51	50	48	44
154	0	44	6	56	46	51	50	48	44
155	0	44	6	56	46	51	50	48	44
156	0	44	6	56	46	51	50	48	44
157	0	44	6	56	46	22	50	48	44
158	0	60	6	56	46	22	50	48	44
159	0	60	39	56	46	22	50	48	44
160	0	60	39	56	46	22	50	48	44
161	0	60	39	56	46	51	50	48	44
162	0	60	11	56	46	22	50	48	44
163	0	60	39	56	46	22	50	48	44
164	0	60	11	56	46	22	50	48	44
165	0	60	39	56	46	22	50	48	44
166	0	60	39	56	46	22	50	48	44
167	0	60	39	56	46	22	50	48	44
168	0	60	39	56	46	22	50	48	44
169	0	60	39	56	46	22	50	48	44
170	0	60	39	56	46	22	50	48	44
171	0	60	39	56	46	22	50	48	44
172	0	60	11	56	46	22	50	48	44
173	0	60	39	56	46	22	50	48	44
174	0	60	39	56	46	22	50	48	44
175	0	60	39	56	46	22	50	48	44
176	0	60	39	56	46	22	50	48	44
177	0	60	39	56	46	22	50	48	44
178	0	60	39	56	46	22	50	48	44
179	0	60	39	56	46	22	50	48	44
180	0	60	39	56	46	22	50	48	44
181	0	60	11	56	46	22	50	48	44
182	0	60	39	56	46	22	50	48	44
183	0	60	11	56	46	22	50	48	44
184	0	60	39	56	46	22	50	48	44
185	0	60	39	56	46	22	50	48	44
186	0	60	39	56	46	22	50	48	44
187	0	60	11	56	46	22	50	48	44
188	0	60	39	56	46	22	50	48	44
189	0	60	39	56	46	22	50	48	44
190	0	60	39	56	46	22	50	48	44
191	0	60	39	56	46	22	50	48	44
192	0	60	39	56	46	22	50	48	44
193	0	60	39	56	46	22	50	48	44
194	0	60	39	56	46	22	50	48	44
195	0	60	39	56	46	22	50	48	44
196	0	60	39	56	46	22	50	48	44
197	0	60	39	56	46	22	50	48	44
198	0	60	39	56	46	22	50	48	44
199	0	60	39	56	46	22	50	48	44
200	0	60	39	56	46	22	50	48	44
201	0	60	39	56	46	22	50	48	44
202	0	60	39	56	46	22	50	48	44
203	0	60	39	56	46	22	50	48	44
204	0	60	39	56	46	22	50	48	44
205	0	60	39	56	46	22	50	48	44
206	0	60	39	56	46	22	50	48	44
207	0	60	39	56	46	22	50	48	44
208	0	60	39	56	46	22	50	48	44
209	0	60	39	56	46	22	50	48	44
210	0	60	39	56	46	22	50	48	44
211	0	60	39	56	46	22	50	48	44
212	0	60	39	56	46	22	50	48	44
213	0	60	39	56	46	22	50	48	44
214	0	60	39	56	46	22	50	48	44
215	0	60	59	56	46	22	50	48	44
216	0	60	59	56	46	22	50	48	44
217	0	60	59	56	46	22	50	48	44
218	0	60	59	56	46	22	50	48	44
219	0	60	59	56	46	22	50	16	44
220	0	60	59	56	46	22	50	16	44
221	0	60	59	56	46	22	50	16	44
222	0	60	59	56	46	22	50	16	44
223	0	60	39	56	46	22	50	16	44
224	1	60	11	56	46	22	50	16	44
225	2	60	11	56	46	22	50	16	44
226	3	60	11	56	46	22	50	16	44
227	4	60	11	56	46	22	50	16	44
228	5	60	11	56	46	22	50	16	44
229	6	60	11	56	46	22	50	16	44
230	7	60	11	56	46	22	50	16	44
231	8	60	11	56	46	22	50	16	44
232	9	60	11	56	46	22	50	16	44
233	10	60	11	56	46	22	50	16	44
234	11	60	11	56	46	22	50	16	44
235	12	60	11	56	46	22	50	16	44
236	13	60	11	56	46	22	50	16	44
237	14	60	11	56	46	22	50	16	44
238	15	60	11	56	46	22	50	16	44
239	16	60	11	56	46	22	50	16	44
240	17	60	11	56	46	22	50	16	44
241	18	60	11	56	46	22	50	16	44
242	19	60	11	56	46	22	50	16	44
243	20	60	11	56	46	22	50	16	44
244	21	60	11	56	46	22	50	16	44
245	22	60	11	56	46	22	50	16	44
246	23	60	11	56	46	22	50	16	44
247	24	60	11	56	46	22	50	16	44
248	25	60	11	56	46	22	50	16	44
249	26	60	11	56	46	22	50	16	44
250	27	60	11	56	46	22	50	16	44
251	28	60	11	56	46	22	50	16	44
252	29	60	11	56	46	22	50	16	44
253	30	60	11	56	46	22	50	16	44
254	31	60	11	56	46	22	50	16	44
255	32	60	11	56	46	22	50	16	44
256	33	60	11	56	46	22	50	16	44
257	34	60	11	56	46	22	50	16	44
258	35	60	11	56	46	22	50	16	44
259	0	60	11	56	46	22	50	48	44
260	0	60	11	56	46	22	50	48	44
261	1	60	11	56	46	22	50	16	44
262	2	60	11	56	46	22	50	16	44
263	3	60	11	56	46	22	50	16	44
264	4	60	11	56	46	22	50	16	44
265	5	60	11	56	46	22	50	16	44
266	6	60	11	56	46	22	50	16	44
267	7	60	11	56	46	22	50	16	44
268	8	60	11	56	46	22	50	16	44
269	9	60	11	56	46	22	50	16	44
270	10	60	11	56	46	22	50	16	44
271	11	60	11	56	46	22	50	16	44
272	12	60	11	56	46	22	50	16	44
273	13	60	11	56	46	22	50	16	44
274	14	60	11	56	46	22	50	16	44
275	15	60	11	56	46	22	50	16	44
276	16	60	11	56	46	22	50	16	44
277	17	60	11	56	46	22	50	16	44
278	18	60	11	56	46	22	50	16	44
279	19	60	11	56	46	22	50	16	44
280	20	60	11	56	46	22	50	16	44
281	21	60	11	56	46	22	50	16	44
282	22	60	11	56	46	22	50	16	44
283	23	60	11	56	46	22	50	16	44
284	24	60	11	56	46	22	50	16	44
285	25	60	11	56	46	22	50	16	44
286	26	60	11	56	46	22	50	16	44
287	27	60	11	56	46	22	50	16	44
288	28	60	11	56	46	22	50	16	44
289	29	60	11	56	46	22	50	16	44
290	30	60	11	56	46	22	50	16	44
291	31	60	11	56	46	22	50	16	44
292	32	60	11	56	46	22	50	16	44
293	33	60	11	56	46	22	50	16	44
294	34	60	11	56	46	22	50	16	44
295	35	60	11	56	46	22	50	16	44
296	36	60	11	56	46	22	50	16	44
297	37	60	11	56	46	22	50	16	44
298	38	60	11	56	46	22	50	16	44
299	39	60	11	56	46	22	50	16	44
300	40	60	11	56	46	22	50	16	44
301	41	60	11	56	46	22	50	16	44
302	42	60	11	56	46	22	50	16	44
303	43	60	11	56	46	22	50	16	44
304	44	60	11	56	46	22	50	16	44
305	45	60	11	56	46	22	50	16	44
306	46	60	11	56	46	22	50	16	44
307	47	60	11	56	46	22	50	16	44
308	48	60	11	56	46	22	50	16	44
309	49	60	11	56	46	22	50	16	44
310	50	60	11	56	46	22	50	16	44
311	51	60	11	56	46	22	50	16	44
312	52	60	11	56	46	22	50	16	44
313	53	60	11	56	46	22	50	16	44
314	54	60	11	56	46	22	50	16	44
315	55	60	11	56	46	22	50	16	44
316	56	60	11	56	46	22	50	16	44
317	57	60	11	56	46	22	50	16	44
318	58	60	11	56	46	22	50	16	44
319	59	60	11	56	46	22	50	16	44
320	60	60	11	56	46	22	50	16	44
321	61	60	11	56	46	22	50	16	44
322	62	60	11	56	46	22	50	16	44
323	63	60	11	56	46	22	50	16	44
324	64	60	11	56	46	22	50	16	44
325	65	60	11	56	46	22	50	16	44
326	66	60	11	56	46	22	50	16	44
327	67	60	11	56	46	22	50	16	44
328	68	60	11	56	46	22	50	16	44
329	69	60	11	56	46	22	50	16	44
330	70	60	11	56	46	22	50	16	44
331	71	60	11	56	46	22	50	16	44
332	72	60	11	56	46	22	50	16	44
333	73	60	11	56	46	22	50	16	44
334	74	60	11	56	46	22	50	16	44
335	75	60	11	56	46	22	50	16	44
336	76	60	11	56	46	22	50	16	44
337	77	60	11	56	46	22	50	16	44
338	78	60	11	56	46	22	50	16	44
339	79	60	11	56	46	22	50	16	44
340	80	60	11	56	46	22	50	16	44
341	81	60	11	56	46	22	50	16	44
342	82	60	11	56	46	22	50	16	44
343	83	60	11	56	46	22	50	16	44
344	84	60	11	56	46	22	50	16	44
345	85	60	11	56	46	22	50	16	44
346	86	60	11	56	46	22	50	16	44
347	87	60	11	56	46	22	50	16	44
348	88	60	11	56	46	22	50	16	44
349	89	60	11	56	46	22	50	16	44
350	90	60	11	56	46	22	50	16	44
351	91	60	11	56	46	22	50	16	44
352	92	60	11	56	46	22	50	16	44
353	93	60	11	56	46	22	50	16	44
354	94	60	11	56	46	22	50	16	44
355	95	60	11	56	46	22	50	16	44
356	96	60	11	56	46	22	50	16	44
357	97	60	11	56	46	22	50	16	44
358	98	60	11	56	46	22	50	16	44
359	99	60	11	56	46	22	50	16	44
360	100	60	11	56	46	22	50	16	44
# 3	360
################

# Stability threshold: 100
# Iteration threshold: 100
1
2
3
4
5
6
7
8
9
10
11
12
13
14
15
16
17
18
19
20
21
22
23
24
25
26
27
28
29
30
31
32
33
34
35
36
37
38
39
40
41
42
43
44
45
46
47
48
49
50
51
52
53
54
55
56
57
58
59
60
61
62
63
64
65
66
67
68
69
70
71
72
73
74
75
76
77
78
79
80
81
82
83
84
85
86
87
88
89
90
91
92
93
94
95
96
97
98
99
100	0	60	35	31	46	22	50	33	44
101	0	60	35	31	46	22	50	33	44
102	0	60	35	31	46	22	50	33	44
103	0	39	35	31	46	22	50	33	44
104	0	39	35	43	46	22	50	33	44
105	0	39	35	43	46	22	50	33	44
106	0	60	35	43	46	22	50	33	44
107	0	60	35	43	46	22	50	33	44
108	0	60	35	43	46	22	50	33	44
109	0	60	35	43	46	22	50	33	44
110	0	60	35	43	46	22	50	33	44
111	0	60	35	43	46	22	50	33	44
112	0	60	35	43	46	22	50	33	44
113	0	60	35	43	46	22	50	33	44
114	0	60	35	31	46	22	50	33	44
115	0	60	35	31	46	22	50	33	44
116	0	60	11	31	46	22	50	33	44
117	0	60	11	31	46	22	50	33	44
118	0	60	11	31	46	22	50	33	44
119	0	60	11	31	46	22	50	33	44
120	0	60	11	31	46	22	50	33	44
121	0	60	11	31	46	22	50	33	44
122	0	60	11	31	46	22	50	33	44
123	0	60	11	31	46	22	50	33	44
124	0	60	11	31	46	22	50	33	44
125	0	60	11	31	46	22	50	33	44
126	0	60	11	31	46	22	50	33	44
127	0	60	11	31	46	22	50	33	44
128	0	60	11	31	46	22	50	33	44
129	0	60	11	31	46	22	50	33	44
130	0	60	11	31	46	22	50	33	44
131	0	60	11	31	46	22	50	33	44
132	0	60	11	31	46	22	50	33	44
133	0	60	11	43	46	22	50	33	44
134	0	60	11	31	46	22	50	33	44
135	0	60	11	31	46	22	50	33	44
136	0	60	11	31	46	22	50	33	44
137	0	60	11	31	46	22	50	33	44
138	0	60	11	31	46	22	50	33	44
139	0	60	11	31	46	22	50	33	44
140	0	60	11	31	46	22	50	33	44
141	0	60	11	31	46	22	50	33	44
142	0	60	11	31	46	22	50	33	44
143	0	60	11	31	46	22	50	33	44
144	0	60	11	31	46	22	50	33	44
145	0	60	11	31	46	22	50	33	44
146	0	60	11	31	46	22	50	33	44
147	0	60	11	31	46	22	50	33	44
148	0	60	11	31	46	22	50	33	44
149	0	60	11	31	46	22	50	33	44
150	0	60	11	31	46	22	50	33	44
151	0	60	11	31	46	22	50	33	44
152	0	60	11	31	46	22	50	33	44
153	0	60	11	31	46	22	50	33	44
154	0	60	11	31	46	22	50	33	44
155	0	60	11	31	46	22	50	33	44
156	0	60	11	31	46	22	50	33	44
157	0	60	11	31	46	22	50	33	44
158	0	60	11	31	46	22	50	32	44
159	0	60	11	31	46	22	50	33	44
160	0	60	11	31	46	22	50	33	44
161	0	60	11	31	46	22	50	33	44
162	0	60	11	31	46	22	50	33	44
163	0	60	11	31	46	22	50	33	44
164	0	60	11	31	46	22	50	33	44
165	0	60	11	31	46	22	50	33	44
166	0	60	11	31	46	22	50	33	44
167	0	60	11	31	46	22	50	33	44
168	0	60	11	31	46	22	50	32	44
169	0	60	11	31	46	22	50	32	44
170	0	60	11	31	46	22	50	32	44
171	0	60	11	31	46	22	50	32	44
172	0	60	11	31	46	22	50	32	44
173	0	60	11	31	46	22	50	32	44
174	0	60	11	31	46	22	50	32	44
175	0	60	11	31	46	22	50	32	44
176	0	60	11	31	46	22	50	32	44
177	0	60	11	31	46	22	50	32	44
178	0	60	11	31	46	22	50	32	44
179	0	60	11	31	46	22	50	32	44
180	0	60	11	31	46	22	50	32	44
181	0	60	11	31	46	22	50	32	44
182	0	60	11	31	46	22	50	32	44
183	0	60	11	34	46	22	50	32	44
184	0	60	11	34	46	22	50	32	44
185	0	60	11	34	46	22	50	32	44
186	0	60	11	34	46	22	50	32	44
187	0	60	11	34	46	22	50	32	44
188	0	60	11	34	46	22	50	32	44
189	0	60	11	34	46	22	50	32	44
190	0	60	11	31	46	22	50	32	44
191	0	60	11	31	46	22	50	32	44
192	0	60	11	34	46	22	50	32	44
193	0	60	11	34	46	22	50	32	44
194	0	60	11	34	46	22	50	32	44
195	0	60	11	34	46	22	50	32	44
196	0	60	11	34	46	22	50	32	44
197	0	60	11	34	46	22	50	32	44
198	0	60	11	34	46	22	50	32	44
199	0	60	11	34	46	22	50	32	44
200	0	60	11	34	46	22	50	32	44
201	0	60	11	34	46	22	50	32	44
202	0	60	11	34	46	22	50	32	44
203	0	60	11	31	46	22	50	32	44
204	0	60	11	31	46	22	50	32	44
205	0	60	11	31	46	22	50	32	44
206	0	60	11	31	46	22	50	32	44
207	0	60	11	31	46	22	50	32	44
208	0	60	11	31	46	22	50	32	44
209	0	60	11	33	46	22	50	32	44
210	0	60	11	33	46	22	50	32	44
211	0	60	11	33	46	22	50	32	44
212	0	60	11	33	46	22	50	32	44
213	0	60	11	33	46	22	50	32	44
214	0	60	11	33	46	22	50	32	44
215	0	60	11	33	46	22	50	32	44
216	0	60	11	33	46	22	50	32	44
217	0	60	11	33	46	22	50	32	44
218	0	60	11	33	46	22	50	32	44
219	0	60	11	33	46	22	50	32	44
220	0	60	11	33	46	22	50	32	44
221	0	60	11	33	46	22	50	32	44
222	0	60	11	33	46	22	50	32	44
223	0	60	11	33	46	22	50	32	44
224	0	60	11	56	46	22	50	32	44
225	0	60	11	56	46	22	50	32	44
226	0	60	11	31	46	22	50	32	44
227	0	60	11	34	46	22	50	32	44
228	0	60	11	34	46	22	50	17	44
229	0	60	11	56	46	22	50	17	44
230	0	60	11	56	46	22	50	17	44
231	0	60	11	34	46	22	50	17	44
232	0	60	11	31	46	22	50	17	44
233	0	60	11	56	46	22	50	17	44
234	0	60	11	34	46	22	50	17	44
235	0	60	11	56	46	22	50	17	44
236	0	60	11	56	46	22	50	17	44
237	0	60	11	56	46	22	50	17	44
238	0	60	11	56	46	22	50	61	44
239	0	60	11	34	46	22	50	48	44
240	0	60	11	34	46	22	50	48	44
241	0	60	11	56	46	22	50	48	44
242	0	60	11	56	46	22	50	48	44
243	0	60	11	56	46	22	50	48	44
244	0	60	11	56	46	22	50	48	44
245	0	60	11	56	46	22	50	48	44
246	0	60	11	56	46	22	50	48	44
247	0	60	11	56	46	22	50	48	44
248	0	60	11	56	46	22	50	48	44
249	0	60	11	56	46	22	50	48	44
250	0	60	11	56	46	22	50	48	44
251	0	60	11	56	46	22	50	48	44
252	0	60	11	56	46	22	50	48	44
253	0	60	11	56	46	22	50	48	44
254	0	60	11	56	46	22	50	48	44
255	0	60	11	56	46	22	50	48	44
256	0	60	11	56	46	22	50	48	44
257	0	60	11	56	46	22	50	48	44
258	0	60	11	56	46	22	50	48	44
259	0	60	11	56	46	22	50	48	44
260	0	60	11	56	46	22	50	48	44
261	0	60	11	56	46	22	50	48	44
262	0	60	11	56	46	22	50	48	44
263	0	60	11	56	46	22	50	48	44
264	0	60	11	56	46	22	50	48	44
265	0	60	11	56	46	22	50	48	44
266	0	60	11	56	46	22	50	48	44
267	0	60	11	56	46	22	50	48	44
268	0	60	11	56	46	22	50	48	44
269	0	60	11	56	46	22	50	48	44
270	0	60	11	56	46	22	50	48	44
271	0	60	11	56	46	22	50	48	44
272	1	60	11	56	46	22	50	16	44
273	2	60	11	56	46	22	50	16	44
274	3	60	11	56	46	22	50	16	44
275	4	60	11	56	46	22	50	16	44
276	5	60	11	56	46	22	50	16	44
277	6	60	11	56	46	22	50	16	44
278	7	60	11	56	46	22	50	16	44
279	8	60	11	56	46	22	50	16	44
280	9	60	11	56	46	22	50	16	44
281	10	60	11	56	46	22	50	16	44
282	11	60	11	56	46	22	50	16	44
283	12	60	11	56	46	22	50	16	44
284	13	60	11	56	46	22	50	16	44
285	14	60	11	56	46	22	50	16	44
286	15	60	11	56	46	22	50	16	44
287	16	60	11	56	46	22	50	16	44
288	17	60	11	56	46	22	50	16	44
289	18	60	11	56	46	22	50	16	44
290	19	60	11	56	46	22	50	16	44
291	20	60	11	56	46	22	50	16	44
292	21	60	11	56	46	22	50	16	44
293	22	60	11	56	46	22	50	16	44
294	23	60	11	56	46	22	50	16	44
295	24	60	11	56	46	22	50	16	44
296	25	60	11	56	46	22	50	16	44
297	26	60	11	56	46	22	50	16	44
298	27	60	11	56	46	22	50	16	44
299	28	60	11	56	46	22	50	16	44
300	29	60	11	56	46	22	50	16	44
301	30	60	11	56	46	22	50	16	44
302	31	60	11	56	46	22	50	16	44
303	32	60	11	56	46	22	50	16	44
304	33	60	11	56	46	22	50	16	44
305	34	60	11	56	46	22	50	16	44
306	35	60	11	56	46	22	50	16	44
307	36	60	11	56	46	22	50	16	44
308	37	60	11	56	46	22	50	16	44
309	38	60	11	56	46	22	50	16	44
310	39	60	11	56	46	22	50	16	44
311	40	60	11	56	46	22	50	16	44
312	41	60	11	56	46	22	50	16	44
313	42	60	11	56	46	22	50	16	44
314	43	60	11	56	46	22	50	16	44
315	44	60	11	56	46	22	50	16	44
316	45	60	11	56	46	22	50	16	44
317	46	60	11	56	46	22	50	16	44
318	47	60	11	56	46	22	50	16	44
319	48	60	11	56	46	22	50	16	44
320	49	60	11	56	46	22	50	16	44
321	50	60	11	56	46	22	50	16	44
322	51	60	11	56	46	22	50	16	44
323	52	60	11	56	46	22	50	16	44
324	53	60	11	56	46	22	50	16	44
325	54	60	11	56	46	22	50	16	44
326	55	60	11	56	46	22	50	16	44
327	56	60	11	56	46	22	50	16	44
328	57	60	11	56	46	22	50	16	44
329	58	60	11	56	46	22	50	16	44
330	59	60	11	56	46	22	50	16	44
331	60	60	11	56	46	22	50	16	44
332	61	60	11	56	46	22	50	16	44
333	62	60	11	56	46	22	50	16	44
334	63	60	11	56	46	22	50	16	44
335	64	60	11	56	46	22	50	16	44
336	65	60	11	56	46	22	50	16	44
337	66	60	11	56	46	22	50	16	44
338	67	60	11	56	46	22	50	16	44
339	68	60	11	56	46	22	50	16	44
340	69	60	11	56	46	22	50	16	44
341	70	60	11	56	46	22	50	16	44
342	71	60	11	56	46	22	50	16	44
343	72	60	11	56	46	22	50	16	44
344	73	60	11	56	46	22	50	16	44
345	74	60	11	56	46	22	50	16	44
346	75	60	11	56	46	22	50	16	44
347	76	60	11	56	46	22	50	16	44
348	77	60	11	56	46	22	50	16	44
349	78	60	11	56	46	22	50	16	44
350	79	60	11	56	46	22	50	16	44
351	80	60	11	56	46	22	50	16	44
352	81	60	11	56	46	22	50	16	44
353	82	60	11	56	46	22	50	16	44
354	83	60	11	56	46	22	50	16	44
355	84	60	11	56	46	22	50	16	44
356	85	60	11	56	46	22	50	16	44
357	86	60	11	56	46	22	50	16	44
358	87	60	11	56	46	22	50	16	44
359	88	60	11	56	46	22	50	16	44
360	89	60	11	56	46	22	50	16	44
361	90	60	11	56	46	22	50	16	44
362	91	60	11	56	46	22	50	16	44
363	92	60	11	56	46	22	50	16	44
364	93	60	11	56	46	22	50	16	44
365	94	60	11	56	46	22	50	16	44
366	95	60	11	56	46	22	50	16	44
367	96	60	11	56	46	22	50	16	44
368	97	60	11	56	46	22	50	16	44
369	98	60	11	56	46	22	50	16	44
370	99	60	11	56	46	22	50	16	44
371	100	60	11	56	46	22	50	16	44
# 4	371
################

# Stability threshold: 100
# Iteration threshold: 100
1
2
3
4
5
6
7
8
9
10
11
12
13
14
15
16
17
18
19
20
21
22
23
24
25
26
27
28
29
30
31
32
33
34
35
36
37
38
39
40
41
42
43
44
45
46
47
48
49
50
51
52
53
54
55
56
57
58
59
60
61
62
63
64
65
66
67
68
69
70
71
72
73
74
75
76
77
78
79
80
81
82
83
84
85
86
87
88
89
90
91
92
93
94
95
96
97
98
99
100	0	25	40	36	46	29	50	39	44
101	0	25	40	36	46	37	50	39	44
102	0	25	40	39	46	37	50	39	44
103	0	25	40	39	46	37	50	39	44
104	0	25	40	39	46	29	50	39	44
105	0	25	11	39	46	37	50	28	44
106	0	25	61	39	46	37	50	28	44
107	0	25	11	39	46	37	50	39	44
108	0	25	11	39	46	37	50	39	44
109	0	25	44	39	46	37	50	39	44
110	0	25	46	39	46	37	50	39	44
111	0	25	46	39	46	37	50	39	44
112	0	25	46	39	46	37	50	39	44
113	0	25	46	39	46	37	50	39	44
114	0	25	46	56	46	37	50	39	44
115	0	25	46	56	46	37	50	28	44
116	0	25	46	39	46	37	50	28	44
117	0	25	46	39	46	37	50	28	44
118	0	25	46	56	46	37	50	60	44
119	0	25	46	56	46	37	50	60	44
120	0	25	46	56	46	37	50	60	44
121	0	25	46	56	46	37	50	60	44
122	0	25	46	39	46	37	50	60	44
123	0	25	46	39	46	37	50	60	44
124	0	25	46	56	46	37	50	60	44
125	0	25	46	24	46	37	50	60	44
126	0	25	46	24	46	37	50	16	44
127	0	25	46	56	46	37	50	16	44
128	0	25	46	56	46	37	50	16	44
129	0	25	46	56	46	37	50	16	44
130	0	25	46	56	46	37	50	60	44
131	0	25	1	56	46	37	50	60	44
132	0	25	1	56	46	37	50	60	44
133	0	25	11	56	46	37	50	60	44
134	0	25	11	56	46	37	50	3	44
135	0	25	11	56	46	58	50	3	44
136	0	25	11	56	46	58	50	3	44
137	0	25	11	56	46	58	50	3	44
138	0	25	11	56	46	58	50	3	44
139	0	25	11	56	46	58	50	3	44
140	0	25	11	56	46	58	50	3	44
141	0	25	11	36	46	58	50	16	44
142	0	25	11	36	46	58	50	16	44
143	0	25	11	36	46	58	50	16	44
144	0	25	11	36	46	58	50	16	44
145	0	25	11	36	46	58	50	16	44
146	0	25	11	56	46	58	50	16	44
147	0	25	11	56	46	23	50	16	44
148	0	25	11	56	46	58	50	16	44
149	0	25	11	56	46	23	50	16	44
150	0	25	11	56	46	23	50	16	44
151	0	25	11	56	46	23	50	16	44
152	0	25	11	56	46	23	50	16	44
153	0	25	11	56	46	23	50	16	44
154	0	25	11	56	46	23	50	16	44
155	0	25	11	56	46	23	50	16	44
156	0	25	11	56	46	23	50	16	44
157	0	25	11	56	46	23	50	16	44
158	0	25	3	56	46	22	50	16	44
159	0	25	3	56	46	22	50	16	44
160	0	25	3	56	46	22	50	16	44
161	0	25	3	56	46	22	50	16	44
162	0	25	3	56	46	22	50	16	44
163	0	25	3	56	46	22	50	16	44
164	0	25	11	56	46	22	50	16	44
165	0	25	11	56	46	22	50	16	44
166	0	25	11	56	46	22	50	16	44
167	0	25	11	56	46	22	50	16	44
168	0	25	11	56	46	22	50	16	44
169	0	25	11	56	46	22	50	16	44
170	0	25	11	56	46	23	50	16	44
171	0	25	11	56	46	23	50	16	44
172	0	25	11	56	46	22	50	16	44
173	0	25	11	56	46	22	50	16	44
174	0	25	11	56	46	22	50	16	44
175	0	25	11	56	46	22	50	16	44
176	0	25	11	56	46	22	50	16	44
177	0	25	11	56	46	22	50	16	44
178	0	25	11	56	46	22	50	16	44
179	0	25	11	56	46	22	50	16	44
180	0	25	11	56	46	22	50	16	44
181	0	25	11	56	46	22	50	16	44
182	0	25	11	56	46	22	50	16	44
183	0	25	11	56	46	22	50	16	44
184	0	25	11	56	46	22	50	16	44
185	0	25	11	56	46	22	50	16	44
186	1	60	11	56	46	22	50	16	44
187	2	60	11	56	46	22	50	16	44
188	0	60	11	56	46	23	50	16	44
189	0	60	11	56	46	23	50	16	44
190	0	60	11	56	46	23	50	16	44
191	0	60	11	56	46	23	50	16	44
192	0	60	11	56	46	23	50	16	44
193	1	60	11	56	46	22	50	16	44
194	2	60	11	56	46	22	50	16	44
195	3	60	11	56	46	22	50	16	44
196	4	60	11	56	46	22	50	16	44
197	5	60	11	56	46	22	50	16	44
198	6	60	11	56	46	22	50	16	44
199	7	60	11	56	46	22	50	16	44
200	8	60	11	56	46	22	50	16	44
201	9	60	11	56	46	22	50	16	44
202	10	60	11	56	46	22	50	16	44
203	11	60	11	56	46	22	50	16	44
204	12	60	11	56	46	22	50	16	44
205	0	60	11	56	46	23	50	16	44
206	0	60	11	56	46	23	50	16	44
207	1	60	11	56	46	22	50	16	44
208	2	60	11	56	46	22	50	16	44
209	0	60	11	56	46	23	50	16	44
210	1	60	11	56	46	22	50	16	44
211	2	60	11	56	46	22	50	16	44
212	0	60	49	56	46	22	50	16	44
213	0	60	49	56	46	22	50	16	44
214	1	60	11	56	46	22	50	16	44
215	0	60	11	41	46	22	50	16	44
216	0	60	11	41	46	22	50	16	44
217	0	60	11	41	46	22	50	16	44
218	0	60	49	41	46	22	50	16	44
219	0	60	49	41	46	22	50	16	44
220	0	60	49	41	46	22	50	16	44
221	0	60	49	41	46	22	50	16	44
222	0	60	11	41	46	22	50	16	44
223	0	60	11	41	46	22	50	16	44
224	0	60	11	41	46	22	50	16	44
225	0	60	49	41	46	22	50	16	44
226	0	60	49	41	46	22	50	16	44
227	0	60	49	41	46	22	50	16	44
228	0	60	49	41	46	22	50	16	44
229	0	60	49	41	46	22	50	16	44
230	0	60	11	41	46	22	50	16	44
231	0	60	49	41	46	22	50	16	44
232	0	60	49	41	46	22	50	16	44
233	0	60	49	41	46	22	50	16	44
234	0	60	49	41	46	22	50	16	44
235	0	60	49	41	46	22	50	16	44
236	0	60	49	41	46	22	50	16	44
237	0	60	49	41	46	22	50	16	44
238	0	60	49	41	46	22	50	16	44
239	0	60	49	41	46	22	50	16	44
240	0	60	49	41	46	22	50	16	44
241	0	60	49	41	46	22	50	16	44
242	0	60	49	41	46	22	50	16	44
243	0	60	49	41	46	22	50	16	44
244	0	60	49	41	46	22	50	16	44
245	0	60	49	41	46	22	50	16	44
246	0	60	49	41	46	22	50	16	44
247	0	60	49	24	46	22	50	16	44
248	0	60	49	24	46	22	50	16	44
249	0	60	49	24	46	22	50	16	44
250	0	60	49	24	46	22	50	16	44
251	0	60	49	24	46	22	50	16	44
252	0	60	49	24	46	22	50	16	44
253	0	60	49	24	46	22	50	16	44
254	0	60	49	24	46	22	50	16	44
255	0	60	49	56	46	22	50	16	44
256	0	60	49	41	46	22	50	16	44
257	0	60	49	56	46	22	50	16	44
258	0	60	49	56	46	22	50	16	44
259	0	60	49	56	46	22	50	16	44
260	0	60	49	56	46	22	50	16	44
261	0	60	49	56	46	22	50	16	44
262	0	60	49	56	46	22	50	16	44
263	0	60	49	56	46	22	50	16	44
264	0	60	49	56	46	22	50	16	44
265	0	60	49	56	46	22	50	16	44
266	0	60	49	56	46	22	50	16	44
267	0	60	49	56	46	22	50	16	44
268	0	60	49	56	46	22	50	16	44
269	0	60	49	56	46	22	50	16	44
270	0	60	49	56	46	22	50	16	44
271	0	60	49	56	46	22	50	16	44
272	0	60	49	56	46	22	50	16	44
273	0	60	49	56	46	22	50	16	44
274	0	60	49	56	46	22	50	16	44
275	0	60	49	56	46	22	50	16	44
276	0	60	49	56	46	22	50	16	44
277	0	60	49	56	46	22	50	16	44
278	0	60	49	56	46	22	50	16	44
279	0	60	49	56	46	22	50	16	44
280	0	60	49	56	46	22	50	16	44
281	0	60	49	56	46	22	50	16	44
282	0	60	49	56	46	22	50	16	44
283	0	60	49	56	46	22	50	16	44
284	1	60	11	56	46	22	50	16	44
285	2	60	11	56	46	22	50	16	44
286	3	60	11	56	46	22	50	16	44
287	4	60	11	56	46	22	50	16	44
288	5	60	11	56	46	22	50	16	44
289	6	60	11	56	46	22	50	16	44
290	7	60	11	56	46	22	50	16	44
291	8	60	11	56	46	22	50	16	44
292	9	60	11	56	46	22	50	16	44
293	10	60	11	56	46	22	50	16	44
294	11	60	11	56	46	22	50	16	44
295	12	60	11	56	46	22	50	16	44
296	13	60	11	56	46	22	50	16	44
297	14	60	11	56	46	22	50	16	44
298	15	60	11	56	46	22	50	16	44
299	16	60	11	56	46	22	50	16	44
300	17	60	11	56	46	22	50	16	44
301	18	60	11	56	46	22	50	16	44
302	19	60	11	56	46	22	50	16	44
303	20	60	11	56	46	22	50	16	44
304	21	60	11	56	46	22	50	16	44
305	22	60	11	56	46	22	50	16	44
306	23	60	11	56	46	22	50	16	44
307	24	60	11	56	46	22	50	16	44
308	25	60	11	56	46	22	50	16	44
309	26	60	11	56	46	22	50	16	44
310	27	60	11	56	46	22	50	16	44
311	28	60	11	56	46	22	50	16	44
312	29	60	11	56	46	22	50	16	44
313	30	60	11	56	46	22	50	16	44
314	31	60	11	56	46	22	50	16	44
315	32	60	11	56	46	22	50	16	44
316	33	60	11	56	46	22	50	16	44
317	34	60	11	56	46	22	50	16	44
318	35	60	11	56	46	22	50	16	44
319	36	60	11	56	46	22	50	16	44
320	37	60	11	56	46	22	50	16	44
321	38	60	11	56	46	22	50	16	44
322	39	60	11	56	46	22	50	16	44
323	40	60	11	56	46	22	50	16	44
324	41	60	11	56	46	22	50	16	44
325	42	60	11	56	46	22	50	16	44
326	43	60	11	56	46	22	50	16	44
327	44	60	11	56	46	22	50	16	44
328	45	60	11	56	46	22	50	16	44
329	46	60	11	56	46	22	50	16	44
330	47	60	11	56	46	22	50	16	44
331	48	60	11	56	46	22	50	16	44
332	49	60	11	56	46	22	50	16	44
333	50	60	11	56	46	22	50	16	44
334	51	60	11	56	46	22	50	16	44
335	52	60	11	56	46	22	50	16	44
336	53	60	11	56	46	22	50	16	44
337	54	60	11	56	46	22	50	16	44
338	55	60	11	56	46	22	50	16	44
339	56	60	11	56	46	22	50	16	44
340	57	60	11	56	46	22	50	16	44
341	58	60	11	56	46	22	50	16	44
342	59	60	11	56	46	22	50	16	44
343	60	60	11	56	46	22	50	16	44
344	61	60	11	56	46	22	50	16	44
345	62	60	11	56	46	22	50	16	44
346	63	60	11	56	46	22	50	16	44
347	64	60	11	56	46	22	50	16	44
348	65	60	11	56	46	22	50	16	44
349	66	60	11	56	46	22	50	16	44
350	67	60	11	56	46	22	50	16	44
351	68	60	11	56	46	22	50	16	44
352	69	60	11	56	46	22	50	16	44
353	70	60	11	56	46	22	50	16	44
354	71	60	11	56	46	22	50	16	44
355	72	60	11	56	46	22	50	16	44
356	73	60	11	56	46	22	50	16	44
357	74	60	11	56	46	22	50	16	44
358	75	60	11	56	46	22	50	16	44
359	76	60	11	56	46	22	50	16	44
360	77	60	11	56	46	22	50	16	44
361	78	60	11	56	46	22	50	16	44
362	79	60	11	56	46	22	50	16	44
363	80	60	11	56	46	22	50	16	44
364	81	60	11	56	46	22	50	16	44
365	82	60	11	56	46	22	50	16	44
366	83	60	11	56	46	22	50	16	44
367	84	60	11	56	46	22	50	16	44
368	85	60	11	56	46	22	50	16	44
369	86	60	11	56	46	22	50	16	44
370	87	60	11	56	46	22	50	16	44
371	88	60	11	56	46	22	50	16	44
372	89	60	11	56	46	22	50	16	44
373	90	60	11	56	46	22	50	16	44
374	91	60	11	56	46	22	50	16	44
375	92	60	11	56	46	22	50	16	44
376	93	60	11	56	46	22	50	16	44
377	94	60	11	56	46	22	50	16	44
378	95	60	11	56	46	22	50	16	44
379	96	60	11	56	46	22	50	16	44
380	97	60	11	56	46	22	50	16	44
381	98	60	11	56	46	22	50	16	44
382	99	60	11	56	46	22	50	16	44
383	100	60	11	56	46	22	50	16	44
# 5	383
################

# Stability threshold: 100
# Iteration threshold: 100
1
2
3
4
5
6
7
8
9
10
11
12
13
14
15
16
17
18
19
20
21
22
23
24
25
26
27
28
29
30
31
32
33
34
35
36
37
38
39
40
41
42
43
44
45
46
47
48
49
50
51
52
53
54
55
56
57
58
59
60
61
62
63
64
65
66
67
68
69
70
71
72
73
74
75
76
77
78
79
80
81
82
83
84
85
86
87
88
89
90
91
92
93
94
95
96
97
98
99
100	0	60	60	12	18	22	50	5	44
101	0	60	60	12	18	22	50	5	44
102	0	60	60	12	18	22	50	5	44
103	0	60	11	12	18	22	50	5	44
104	0	60	60	12	18	22	50	5	44
105	0	60	60	12	18	22	50	5	44
106	0	60	11	12	18	22	50	5	44
107	0	60	11	12	18	22	50	5	44
108	0	60	11	12	18	22	50	5	44
109	0	60	11	12	18	22	50	5	44
110	0	60	11	12	18	41	50	5	44
111	0	60	11	12	18	41	50	48	44
112	0	60	11	12	18	22	50	48	44
113	0	60	11	12	18	22	50	48	44
114	0	60	11	12	18	22	50	5	44
115	0	60	11	15	18	56	50	5	44
116	0	27	11	12	18	56	50	48	44
117	0	27	11	15	18	56	50	48	44
118	0	27	11	15	18	56	50	48	44
119	0	27	11	15	18	56	50	48	44
120	0	27	11	15	18	56	50	48	44
121	0	60	11	15	18	56	50	48	44
122	0	60	11	15	18	56	50	48	44
123	0	60	11	15	18	56	50	48	44
124	0	60	11	15	18	56	50	48	44
125	0	27	11	15	18	56	50	48	44
126	0	27	11	15	18	56	50	48	44
127	0	27	11	15	18	56	50	48	44
128	0	60	11	15	3	56	50	48	44
129	0	60	11	15	3	56	50	48	44
130	0	60	11	15	3	56	50	52	44
131	0	60	11	15	18	56	50	52	44
132	0	60	11	15	18	56	50	52	44
133	0	60	11	15	18	56	50	16	44
134	0	60	11	15	18	56	50	16	44
135	0	60	11	15	18	56	50	16	44
136	0	60	11	15	18	56	50	16	44
137	0	60	11	15	18	56	50	16	44
138	0	60	11	15	18	56	50	16	44
139	0	60	11	56	18	56	50	16	44
140	0	60	11	56	18	56	50	16	44
141	0	60	11	56	18	56	50	16	44
142	0	60	11	56	18	56	50	31	44
143	0	60	11	56	18	56	50	31	44
144	0	60	11	56	18	56	50	31	44
145	0	60	11	56	18	56	50	31	44
146	0	60	11	56	18	56	50	31	44
147	0	60	11	56	18	56	50	31	44
148	0	60	11	56	18	56	50	31	44
149	0	60	11	56	18	56	50	16	44
150	0	60	11	56	18	56	50	16	44
151	0	60	11	56	18	56	50	16	44
152	0	60	11	56	18	56	50	31	44
153	0	60	11	56	18	56	50	31	44
154	0	60	11	56	18	56	50	31	44
155	0	60	11	56	18	56	50	16	44
156	0	60	11	56	18	56	50	16	44
157	0	60	11	56	18	56	50	31	44
158	0	60	11	56	18	56	50	31	44
159	0	60	11	56	18	56	50	31	44
160	0	60	11	56	18	56	50	16	44
161	0	60	11	56	18	56	50	16	44
162	0	60	11	56	18	56	50	31	44
163	0	60	11	56	18	56	50	31	44
164	0	60	11	56	18	56	50	31	44
165	0	60	11	56	18	56	50	31	44
166	0	60	11	56	18	56	50	31	44
167	0	60	11	56	18	56	50	31	44
168	0	60	11	56	18	56	50	31	44
169	0	60	11	56	18	56	50	31	44
170	0	60	11	56	18	56	50	31	44
171	0	60	11	56	18	56	50	31	44
172	0	60	11	56	18	22	50	31	44
173	0	60	11	56	18	22	50	31	44
174	0	60	11	56	18	22	50	31	44
175	0	60	11	56	18	22	50	31	44
176	0	60	11	56	18	22	50	31	44
177	0	60	11	56	18	22	50	31	44
178	0	60	11	56	18	22	50	31	44
179	0	60	11	56	18	22	50	31	44
180	0	60	11	56	18	22	50	31	44
181	0	60	11	56	18	22	50	31	44
182	0	60	11	56	18	22	50	31	44
183	0	60	11	56	18	22	50	31	44
184	0	60	11	56	18	22	50	31	44
185	0	60	11	56	18	22	50	31	44
186	0	60	11	56	18	22	50	31	44
187	0	60	11	56	18	22	50	31	44
188	0	60	11	56	18	22	50	31	44
189	0	60	11	56	18	22	50	16	44
190	0	60	11	24	18	22	50	16	44
191	0	60	11	24	18	22	50	16	44
192	0	60	11	24	18	22	50	16	44
193	0	60	11	24	18	22	50	16	44
194	0	60	11	24	18	22	50	16	44
195	0	60	11	24	18	22	50	16	44
196	0	60	11	56	18	22	50	16	44
197	0	60	11	56	18	22	50	16	44
198	0	60	11	56	18	22	50	16	44
199	0	60	11	56	18	22	50	16	44
200	0	60	11	56	18	22	50	16	44
201	1	60	11	56	46	22	50	16	44
202	2	60	11	56	46	22	50	16	44
203	3	60	11	56	46	22	50	16	44
204	4	60	11	56	46	22	50	16	44
205	5	60	11	56	46	22	50	16	44
206	6	60	11	56	46	22	50	16	44
207	7	60	11	56	46	22	50	16	44
208	8	60	11	56	46	22	50	16	44
209	9	60	11	56	46	22	50	16	44
210	10	60	11	56	46	22	50	16	44
211	11	60	11	56	46	22	50	16	44
212	12	60	11	56	46	22	50	16	44
213	13	60	11	56	46	22	50	16	44
214	14	60	11	56	46	22	50	16	44
215	15	60	11	56	46	22	50	16	44
216	16	60	11	56	46	22	50	16	44
217	17	60	11	56	46	22	50	16	44
218	18	60	11	56	46	22	50	16	44
219	19	60	11	56	46	22	50	16	44
220	20	60	11	56	46	22	50	16	44
221	0	60	11	14	46	22	50	16	44
222	0	60	11	14	46	22	50	16	44
223	0	60	11	14	46	22	50	16	44
224	0	60	11	14	46	22	50	16	44
225	0	60	11	14	46	22	50	16	44
226	0	60	11	14	46	22	50	16	44
227	0	60	11	14	46	22	50	16	44
228	0	60	11	14	46	22	50	16	44
229	0	60	11	14	46	22	50	16	44
230	0	60	11	14	46	22	50	16	44
231	0	60	11	14	46	22	50	16	44
232	0	60	11	14	46	22	50	16	44
233	0	60	11	14	46	22	50	16	44
234	0	60	11	14	46	22	50	16	44
235	0	60	11	14	46	22	50	16	44
236	0	60	11	14	46	22	50	16	44
237	0	60	11	14	46	22	50	16	44
238	0	60	11	14	46	22	50	16	44
239	0	60	11	14	46	22	50	16	44
240	0	60	11	14	46	22	50	16	44
241	0	60	11	14	46	22	50	16	44
242	0	60	11	14	46	22	50	16	44
243	0	60	11	14	46	22	50	16	44
244	0	60	11	14	46	22	50	16	44
245	0	60	11	14	46	22	50	16	44
246	0	60	11	14	46	22	50	16	44
247	0	60	11	14	46	22	50	16	44
248	0	60	11	14	46	22	50	16	44
249	0	60	11	14	46	22	50	16	44
250	0	60	11	14	46	22	50	16	44
251	0	60	11	14	46	22	50	16	44
252	0	60	11	14	46	22	50	16	44
253	0	60	11	14	46	22	50	16	44
254	0	60	11	14	46	22	50	16	44
255	0	60	11	14	46	22	50	16	44
256	0	60	11	14	46	22	50	16	44
257	0	60	11	14	46	22	50	16	44
258	0	60	11	14	46	22	50	16	44
259	0	60	11	14	46	22	50	16	44
260	0	60	11	14	46	22	50	16	44
261	0	60	11	14	46	22	50	16	44
262	0	60	11	14	46	22	50	16	44
263	0	60	11	14	46	22	50	16	44
264	0	60	11	14	46	22	50	16	44
265	0	60	11	14	46	22	50	16	44
266	0	60	11	14	46	22	50	16	44
267	0	60	11	14	46	22	50	16	44
268	0	60	11	14	46	22	50	16	44
269	0	60	11	14	46	22	50	16	44
270	0	60	11	14	46	22	50	16	44
271	0	60	11	14	46	22	50	16	44
272	0	60	11	14	46	22	50	16	44
273	0	60	11	14	46	22	50	16	44
274	0	60	11	14	46	22	50	16	44
275	0	60	11	14	46	22	50	16	44
276	0	60	11	14	46	22	50	16	44
277	0	60	11	14	46	22	50	16	44
278	0	60	11	14	46	22	50	16	44
279	0	60	11	14	46	22	50	16	44
280	0	60	11	14	46	22	50	16	44
281	0	60	11	14	46	22	50	16	44
282	0	60	11	14	46	22	50	16	44
283	0	60	11	14	46	22	50	16	44
284	0	60	11	14	46	22	50	16	44
285	0	60	11	14	46	22	50	16	44
286	0	60	11	14	46	22	50	16	44
287	0	60	11	14	46	22	50	16	44
288	0	60	11	14	46	22	50	16	44
289	0	60	11	14	46	22	50	16	44
290	0	60	11	10	46	22	50	16	44
291	0	60	11	14	46	22	50	16	44
292	0	60	11	14	46	22	50	16	44
293	0	60	11	14	46	22	50	16	44
294	0	60	11	14	46	22	50	16	44
295	0	60	11	14	46	22	50	16	44
296	0	60	11	14	46	22	50	16	44
297	0	60	11	14	46	22	50	16	44
298	0	60	11	14	46	22	50	16	44
299	0	60	11	14	46	22	50	16	44
300	0	60	11	14	46	22	50	16	44
301	0	60	11	14	46	22	50	16	44
302	0	60	11	14	46	22	50	16	44
303	0	60	11	14	46	22	50	16	44
304	0	60	11	14	46	22	50	16	44
305	0	60	11	14	46	22	50	16	44
306	0	60	11	14	46	22	50	16	44
307	0	60	11	14	46	22	50	16	44
308	0	60	11	14	46	22	50	16	44
309	0	60	11	14	46	22	50	16	44
310	0	60	11	14	46	22	50	16	44
311	0	60	11	14	46	22	50	16	44
312	0	60	11	14	46	22	50	16	44
313	0	60	11	14	46	22	50	16	44
314	0	60	11	14	46	22	50	16	44
315	0	60	11	14	46	22	50	16	44
316	0	60	11	14	46	22	50	16	44
317	0	60	11	14	46	22	50	16	44
318	0	60	11	14	46	22	50	16	44
319	0	60	11	14	46	22	50	16	44
320	0	60	11	14	46	22	50	16	44
321	0	60	11	14	46	22	50	16	44
322	0	60	11	14	46	22	50	16	44
323	0	60	11	14	46	22	50	16	44
324	0	60	11	14	46	22	50	16	44
325	0	60	11	14	46	22	50	16	44
326	0	60	11	14	46	22	50	16	44
327	0	60	11	14	46	22	50	16	44
328	0	60	11	14	46	22	50	16	44
329	0	60	11	14	46	22	50	16	44
330	0	60	11	14	46	22	50	16	44
331	0	60	11	14	46	22	50	16	44
332	0	60	11	14	46	22	50	16	44
333	0	60	11	14	46	22	50	16	44
334	0	60	11	14	46	22	50	16	44
335	0	60	11	14	46	22	50	16	44
336	0	60	11	14	46	22	50	16	44
337	0	60	11	14	46	22	50	16	44
338	0	60	11	14	46	22	50	16	44
339	0	60	11	14	46	22	50	16	44
340	0	60	11	14	46	22	50	16	44
341	0	60	11	14	46	22	50	16	44
342	0	60	11	14	46	22	50	16	44
343	0	60	11	14	46	22	50	16	44
344	0	60	11	14	46	22	50	16	44
345	0	60	11	14	46	22	50	16	44
346	0	60	11	14	46	22	50	16	44
347	0	60	11	14	46	22	50	16	44
348	0	60	11	14	46	22	50	16	44
349	0	60	11	14	46	22	50	16	44
350	0	60	11	14	46	22	50	16	44
351	0	60	11	14	46	22	50	16	44
352	0	60	11	14	46	22	50	16	44
353	0	60	11	14	46	22	50	16	44
354	0	60	11	14	46	22	50	16	44
355	0	60	11	14	46	22	50	16	44
356	0	60	11	14	46	22	50	16	44
357	0	60	11	14	46	22	50	16	44
358	0	60	11	14	46	22	50	16	44
359	0	60	11	14	46	22	50	16	44
360	0	60	11	14	46	22	50	16	44
361	0	60	11	14	46	22	50	16	44
362	0	60	11	14	46	22	50	16	44
363	0	60	11	14	46	22	50	16	44
364	0	60	11	14	46	22	50	16	44
365	0	60	11	14	46	22	50	16	44
366	0	60	11	14	46	22	50	16	44
367	0	60	11	14	46	22	50	16	44
368	0	60	11	14	46	22	50	16	44
369	0	60	11	14	46	22	50	16	44
370	0	60	11	14	46	22	50	16	44
371	0	60	11	14	46	22	50	16	44
372	0	60	11	14	46	22	50	16	44
373	0	60	11	14	46	22	50	16	44
374	0	60	11	14	46	22	50	16	44
375	0	60	11	14	46	22	50	16	44
376	0	60	11	14	46	22	50	16	44
377	0	60	11	14	46	22	50	16	44
378	0	60	11	14	46	22	50	16	44
379	0	60	11	14	46	22	50	16	44
380	0	60	11	14	46	22	50	16	44
381	0	60	11	14	46	22	50	16	44
382	0	60	11	14	46	22	50	16	44
383	0	60	11	14	46	22	50	16	44
384	0	60	11	14	46	22	50	16	44
385	0	60	11	14	46	22	50	16	44
386	0	60	11	14	46	22	50	16	44
387	0	60	11	14	46	22	50	16	44
388	0	60	11	14	46	22	50	16	44
389	0	60	11	14	46	22	50	16	44
390	0	60	11	14	46	22	50	16	44
391	0	60	11	14	46	22	50	16	44
392	0	60	11	14	46	22	50	16	44
393	0	60	11	14	46	22	50	16	44
394	0	60	11	14	46	22	50	16	44
395	0	60	11	14	46	22	50	16	44
396	0	60	11	14	46	22	50	16	44
397	0	60	11	14	46	22	50	16	44
398	0	60	11	14	46	22	50	16	44
399	0	60	11	14	46	22	50	16	44
400	0	60	11	14	46	22	50	16	44
401	0	60	11	14	46	22	50	16	44
402	0	60	11	14	46	22	50	16	44
403	0	60	11	14	46	22	50	16	44
404	0	60	11	14	46	22	50	16	44
405	0	60	11	14	46	22	50	16	44
406	0	60	11	14	46	22	50	16	44
407	0	60	11	14	46	22	50	16	44
408	0	60	11	14	46	22	50	16	44
409	0	60	11	14	46	22	50	16	44
410	0	60	11	14	46	22	50	16	44
411	0	60	11	14	46	22	50	16	44
412	0	60	11	14	46	22	50	16	44
413	0	60	11	14	46	22	50	16	44
414	0	60	11	14	46	22	50	16	44
415	0	60	11	14	46	22	50	16	44
416	0	60	11	14	46	22	50	16	44
417	0	60	11	14	46	22	50	16	44
418	0	60	11	14	46	22	50	16	44
419	0	60	11	14	46	22	50	16	44
420	0	60	11	14	46	22	50	16	44
421	0	60	11	14	46	22	50	16	44
422	0	60	11	14	46	22	50	16	44
423	0	60	11	14	46	22	50	16	44
424	0	60	11	14	46	22	50	16	44
425	0	60	11	14	46	22	50	16	44
426	0	60	11	14	46	22	50	16	44
427	0	60	11	14	46	22	50	16	44
428	0	60	11	14	46	22	50	16	44
429	0	60	11	14	46	22	50	16	44
430	0	60	11	14	46	22	50	16	44
431	0	60	11	14	46	22	50	16	44
432	0	60	11	14	46	22	50	16	44
433	0	60	11	14	46	22	50	16	44
434	0	60	11	14	46	22	50	16	44
435	0	60	11	14	46	22	50	16	44
436	0	60	11	14	46	22	50	16	44
437	0	60	11	14	46	22	50	16	44
438	0	60	11	14	46	22	50	16	44
439	0	60	11	14	46	22	50	16	44
440	0	60	11	14	46	22	50	16	44
441	1	60	11	56	46	22	50	16	44
442	2	60	11	56	46	22	50	16	44
443	3	60	11	56	46	22	50	16	44
444	4	60	11	56	46	22	50	16	44
445	5	60	11	56	46	22	50	16	44
446	6	60	11	56	46	22	50	16	44
447	7	60	11	56	46	22	50	16	44
448	8	60	11	56	46	22	50	16	44
449	9	60	11	56	46	22	50	16	44
450	10	60	11	56	46	22	50	16	44
451	11	60	11	56	46	22	50	16	44
452	12	60	11	56	46	22	50	16	44
453	13	60	11	56	46	22	50	16	44
454	14	60	11	56	46	22	50	16	44
455	15	60	11	56	46	22	50	16	44
456	16	60	11	56	46	22	50	16	44
457	17	60	11	56	46	22	50	16	44
458	18	60	11	56	46	22	50	16	44
459	19	60	11	56	46	22	50	16	44
460	20	60	11	56	46	22	50	16	44
461	21	60	11	56	46	22	50	16	44
462	22	60	11	56	46	22	50	16	44
463	23	60	11	56	46	22	50	16	44
464	24	60	11	56	46	22	50	16	44
465	25	60	11	56	46	22	50	16	44
466	26	60	11	56	46	22	50	16	44
467	27	60	11	56	46	22	50	16	44
468	28	60	11	56	46	22	50	16	44
469	29	60	11	56	46	22	50	16	44
470	30	60	11	56	46	22	50	16	44
471	31	60	11	56	46	22	50	16	44
472	32	60	11	56	46	22	50	16	44
473	33	60	11	56	46	22	50	16	44
474	34	60	11	56	46	22	50	16	44
475	35	60	11	56	46	22	50	16	44
476	36	60	11	56	46	22	50	16	44
477	37	60	11	56	46	22	50	16	44
478	38	60	11	56	46	22	50	16	44
479	39	60	11	56	46	22	50	16	44
480	40	60	11	56	46	22	50	16	44
481	41	60	11	56	46	22	50	16	44
482	42	60	11	56	46	22	50	16	44
483	43	60	11	56	46	22	50	16	44
484	44	60	11	56	46	22	50	16	44
485	45	60	11	56	46	22	50	16	44
486	46	60	11	56	46	22	50	16	44
487	47	60	11	56	46	22	50	16	44
488	48	60	11	56	46	22	50	16	44
489	49	60	11	56	46	22	50	16	44
490	50	60	11	56	46	22	50	16	44
491	51	60	11	56	46	22	50	16	44
492	52	60	11	56	46	22	50	16	44
493	53	60	11	56	46	22	50	16	44
494	54	60	11	56	46	22	50	16	44
495	55	60	11	56	46	22	50	16	44
496	56	60	11	56	46	22	50	16	44
497	57	60	11	56	46	22	50	16	44
498	58	60	11	56	46	22	50	16	44
499	59	60	11	56	46	22	50	16	44
500	60	60	11	56	46	22	50	16	44
501	61	60	11	56	46	22	50	16	44
502	62	60	11	56	46	22	50	16	44
503	63	60	11	56	46	22	50	16	44
504	64	60	11	56	46	22	50	16	44
505	65	60	11	56	46	22	50	16	44
506	66	60	11	56	46	22	50	16	44
507	67	60	11	56	46	22	50	16	44
508	68	60	11	56	46	22	50	16	44
509	69	60	11	56	46	22	50	16	44
510	70	60	11	56	46	22	50	16	44
511	71	60	11	56	46	22	50	16	44
512	72	60	11	56	46	22	50	16	44
513	73	60	11	56	46	22	50	16	44
514	74	60	11	56	46	22	50	16	44
515	75	60	11	56	46	22	50	16	44
516	76	60	11	56	46	22	50	16	44
517	77	60	11	56	46	22	50	16	44
518	78	60	11	56	46	22	50	16	44
519	79	60	11	56	46	22	50	16	44
520	80	60	11	56	46	22	50	16	44
521	81	60	11	56	46	22	50	16	44
522	82	60	11	56	46	22	50	16	44
523	83	60	11	56	46	22	50	16	44
524	84	60	11	56	46	22	50	16	44
525	85	60	11	56	46	22	50	16	44
526	86	60	11	56	46	22	50	16	44
527	87	60	11	56	46	22	50	16	44
528	88	60	11	56	46	22	50	16	44
529	89	60	11	56	46	22	50	16	44
530	90	60	11	56	46	22	50	16	44
531	91	60	11	56	46	22	50	16	44
532	92	60	11	56	46	22	50	16	44
533	93	60	11	56	46	22	50	16	44
534	94	60	11	56	46	22	50	16	44
535	95	60	11	56	46	22	50	16	44
536	96	60	11	56	46	22	50	16	44
537	97	60	11	56	46	22	50	16	44
538	98	60	11	56	46	22	50	16	44
539	99	60	11	56	46	22	50	16	44
540	100	60	11	56	46	22	50	16	44
# 6	540
################

# Stability threshold: 100
# Iteration threshold: 100
1
2
3
4
5
6
7
8
9
10
11
12
13
14
15
16
17
18
19
20
21
22
23
24
25
26
27
28
29
30
31
32
33
34
35
36
37
38
39
40
41
42
43
44
45
46
47
48
49
50
51
52
53
54
55
56
57
58
59
60
61
62
63
64
65
66
67
68
69
70
71
72
73
74
75
76
77
78
79
80
81
82
83
84
85
86
87
88
89
90
91
92
93
94
95
96
97
98
99
100	0	62	33	26	46	22	50	16	41
101	0	48	33	26	46	22	50	16	41
102	0	48	33	26	46	22	50	16	15
103	0	56	33	26	46	22	50	16	41
104	0	56	33	56	46	22	50	16	15
105	0	56	33	56	46	22	50	16	41
106	0	56	33	56	46	59	50	16	41
107	0	32	33	56	46	22	50	16	41
108	0	32	33	56	46	22	50	16	41
109	0	32	33	56	46	22	50	16	41
110	0	56	33	56	46	22	50	16	41
111	0	56	33	56	46	22	50	16	41
112	0	56	33	56	46	22	50	16	41
113	0	56	11	56	46	22	50	16	41
114	0	56	11	56	46	22	50	16	41
115	0	56	11	56	46	22	50	16	41
116	0	56	11	56	46	22	50	16	41
117	0	56	33	56	46	22	50	16	41
118	0	60	11	56	46	22	50	16	41
119	0	60	11	56	46	22	50	16	41
120	0	60	11	56	46	22	50	16	41
121	0	60	11	56	46	22	50	16	41
122	0	60	11	56	46	22	50	16	41
123	0	60	11	56	46	22	50	16	41
124	0	60	11	56	46	22	50	16	15
125	0	60	11	56	46	22	50	16	15
126	0	60	11	56	46	22	50	16	15
127	0	60	11	56	46	22	50	16	15
128	0	60	11	56	46	22	50	16	15
129	0	60	11	56	46	22	50	16	15
130	0	60	11	56	46	22	50	16	15
131	0	60	11	56	46	22	50	16	15
132	0	60	11	56	46	22	50	16	15
133	0	60	11	56	46	22	50	16	15
134	0	60	11	56	46	22	50	16	15
135	0	60	11	56	46	22	50	16	15
136	0	60	11	56	46	22	50	16	15
137	0	60	11	56	46	22	50	16	15
138	0	60	11	56	46	22	50	16	15
139	0	60	11	56	46	22	50	16	15
140	0	60	11	56	46	22	50	16	15
141	0	60	11	56	46	22	50	16	15
142	0	60	11	56	46	22	50	16	15
143	0	60	11	56	46	22	50	16	15
144	0	60	11	56	46	22	50	16	15
145	0	60	11	56	46	22	50	16	15
146	0	60	11	56	46	22	50	16	15
147	0	60	11	56	46	22	50	16	15
148	0	60	11	56	46	22	50	16	15
149	0	60	11	56	46	22	50	16	15
150	0	60	11	56	46	22	50	16	15
151	0	60	11	56	46	22	50	16	15
152	0	60	11	56	46	22	50	16	15
153	0	60	11	56	46	22	50	16	15
154	0	60	11	56	46	22	50	16	15
155	0	60	11	56	46	22	50	16	15
156	0	60	11	56	46	22	50	16	15
157	0	60	11	56	46	22	50	16	15
158	0	60	11	56	46	22	50	16	15
159	0	60	11	56	46	22	50	16	15
160	0	60	11	56	46	22	50	16	15
161	0	60	11	56	46	22	50	16	15
162	0	60	11	56	46	22	50	16	15
163	0	60	11	56	46	22	50	16	15
164	0	60	11	56	46	22	50	16	15
165	0	60	11	56	46	22	50	16	15
166	0	60	11	56	46	22	50	16	15
167	0	60	11	56	46	22	50	16	15
168	0	60	11	56	46	22	50	16	15
169	0	60	11	56	46	22	50	16	15
170	0	60	11	56	46	22	50	16	15
171	0	60	11	56	46	22	50	16	15
172	0	60	11	56	46	22	50	16	15
173	0	60	11	56	46	22	50	16	15
174	0	60	11	56	46	22	50	16	15
175	0	60	11	56	46	22	50	16	15
176	1	60	11	56	46	22	50	16	44
177	0	60	11	56	46	22	50	16	15
178	1	60	11	56	46	22	50	16	44
179	2	60	11	56	46	22	50	16	44
180	3	60	11	56	46	22	50	16	44
181	4	60	11	56	46	22	50	16	44
182	5	60	11	56	46	22	50	16	44
183	6	60	11	56	46	22	50	16	44
184	7	60	11	56	46	22	50	16	44
185	8	60	11	56	46	22	50	16	44
186	9	60	11	56	46	22	50	16	44
187	10	60	11	56	46	22	50	16	44
188	11	60	11	56	46	22	50	16	44
189	12	60	11	56	46	22	50	16	44
190	13	60	11	56	46	22	50	16	44
191	14	60	11	56	46	22	50	16	44
192	15	60	11	56	46	22	50	16	44
193	16	60	11	56	46	22	50	16	44
194	17	60	11	56	46	22	50	16	44
195	18	60	11	56	46	22	50	16	44
196	19	60	11	56	46	22	50	16	44
197	20	60	11	56	46	22	50	16	44
198	21	60	11	56	46	22	50	16	44
199	22	60	11	56	46	22	50	16	44
200	23	60	11	56	46	22	50	16	44
201	24	60	11	56	46	22	50	16	44
202	25	60	11	56	46	22	50	16	44
203	26	60	11	56	46	22	50	16	44
204	27	60	11	56	46	22	50	16	44
205	28	60	11	56	46	22	50	16	44
206	29	60	11	56	46	22	50	16	44
207	30	60	11	56	46	22	50	16	44
208	31	60	11	56	46	22	50	16	44
209	32	60	11	56	46	22	50	16	44
210	33	60	11	56	46	22	50	16	44
211	34	60	11	56	46	22	50	16	44
212	35	60	11	56	46	22	50	16	44
213	36	60	11	56	46	22	50	16	44
214	37	60	11	56	46	22	50	16	44
215	38	60	11	56	46	22	50	16	44
216	39	60	11	56	46	22	50	16	44
217	40	60	11	56	46	22	50	16	44
218	41	60	11	56	46	22	50	16	44
219	42	60	11	56	46	22	50	16	44
220	43	60	11	56	46	22	50	16	44
221	44	60	11	56	46	22	50	16	44
222	45	60	11	56	46	22	50	16	44
223	46	60	11	56	46	22	50	16	44
224	47	60	11	56	46	22	50	16	44
225	48	60	11	56	46	22	50	16	44
226	49	60	11	56	46	22	50	16	44
227	50	60	11	56	46	22	50	16	44
228	51	60	11	56	46	22	50	16	44
229	52	60	11	56	46	22	50	16	44
230	53	60	11	56	46	22	50	16	44
231	54	60	11	56	46	22	50	16	44
232	55	60	11	56	46	22	50	16	44
233	56	60	11	56	46	22	50	16	44
234	57	60	11	56	46	22	50	16	44
235	58	60	11	56	46	22	50	16	44
236	59	60	11	56	46	22	50	16	44
237	60	60	11	56	46	22	50	16	44
238	61	60	11	56	46	22	50	16	44
239	62	60	11	56	46	22	50	16	44
240	63	60	11	56	46	22	50	16	44
241	64	60	11	56	46	22	50	16	44
242	65	60	11	56	46	22	50	16	44
243	66	60	11	56	46	22	50	16	44
244	67	60	11	56	46	22	50	16	44
245	68	60	11	56	46	22	50	16	44
246	69	60	11	56	46	22	50	16	44
247	70	60	11	56	46	22	50	16	44
248	71	60	11	56	46	22	50	16	44
249	72	60	11	56	46	22	50	16	44
250	73	60	11	56	46	22	50	16	44
251	74	60	11	56	46	22	50	16	44
252	75	60	11	56	46	22	50	16	44
253	76	60	11	56	46	22	50	16	44
254	77	60	11	56	46	22	50	16	44
255	78	60	11	56	46	22	50	16	44
256	79	60	11	56	46	22	50	16	44
257	80	60	11	56	46	22	50	16	44
258	81	60	11	56	46	22	50	16	44
259	82	60	11	56	46	22	50	16	44
260	83	60	11	56	46	22	50	16	44
261	84	60	11	56	46	22	50	16	44
262	85	60	11	56	46	22	50	16	44
263	86	60	11	56	46	22	50	16	44
264	87	60	11	56	46	22	50	16	44
265	88	60	11	56	46	22	50	16	44
266	89	60	11	56	46	22	50	16	44
267	90	60	11	56	46	22	50	16	44
268	91	60	11	56	46	22	50	16	44
269	92	60	11	56	46	22	50	16	44
270	93	60	11	56	46	22	50	16	44
271	94	60	11	56	46	22	50	16	44
272	95	60	11	56	46	22	50	16	44
273	96	60	11	56	46	22	50	16	44
274	97	60	11	56	46	22	50	16	44
275	98	60	11	56	46	22	50	16	44
276	99	60	11	56	46	22	50	16	44
277	100	60	11	56	46	22	50	16	44
# 7	277
################

# Stability threshold: 100
# Iteration threshold: 100
1
2
3
4
5
6
7
8
9
10
11
12
13
14
15
16
17
18
19
20
21
22
23
24
25
26
27
28
29
30
31
32
33
34
35
36
37
38
39
40
41
42
43
44
45
46
47
48
49
50
51
52
53
54
55
56
57
58
59
60
61
62
63
64
65
66
67
68
69
70
71
72
73
74
75
76
77
78
79
80
81
82
83
84
85
86
87
88
89
90
91
92
93
94
95
96
97
98
99
100	0	60	43	5	22	50	50	13	62
101	0	60	43	5	22	50	50	13	62
102	0	60	43	5	46	50	50	13	62
103	0	60	43	5	22	50	50	13	62
104	0	60	43	5	22	50	50	51	62
105	0	60	43	5	22	50	50	51	62
106	0	60	43	5	22	50	50	51	62
107	0	60	43	5	62	50	50	51	44
108	0	60	43	5	46	50	50	51	44
109	0	60	43	5	46	50	50	51	44
110	0	60	43	5	46	50	50	51	44
111	0	60	43	5	46	50	50	51	44
112	0	60	43	5	46	50	50	51	44
113	0	60	43	5	46	50	50	51	44
114	0	60	43	5	46	50	50	51	44
115	0	60	43	5	46	50	50	13	62
116	0	60	43	5	46	50	50	13	62
117	0	60	43	5	46	50	50	13	62
118	0	60	43	5	46	50	50	51	44
119	0	60	43	5	46	50	50	13	44
120	0	60	43	56	46	50	50	13	44
121	0	60	43	56	46	50	50	13	44
122	0	60	43	48	46	50	50	13	44
123	0	60	43	48	46	50	50	13	44
124	0	60	43	56	46	50	50	16	44
125	0	60	43	56	46	50	50	16	44
126	0	60	43	56	46	50	50	16	44
127	0	60	43	56	46	50	50	16	44
128	0	60	43	56	46	50	50	16	44
129	0	60	43	56	46	50	50	16	44
130	0	60	43	56	46	50	50	16	44
131	0	60	43	56	46	50	50	16	44
132	0	60	43	56	46	50	50	16	44
133	0	60	43	56	46	50	50	16	44
134	0	60	43	56	46	50	50	16	44
135	0	60	43	56	46	50	50	16	44
136	0	60	43	56	46	50	50	16	44
137	0	60	43	56	46	50	50	16	44
138	0	60	43	56	46	50	50	16	44
139	0	60	43	56	46	50	50	16	44
140	0	60	43	56	46	50	50	16	44
141	0	60	43	56	46	50	50	16	44
142	0	60	43	56	46	50	50	16	44
143	0	60	43	56	46	50	50	16	44
144	0	60	43	56	46	50	50	16	44
145	0	60	43	56	46	50	50	16	44
146	0	60	43	56	46	50	50	16	44
147	0	60	43	56	46	50	50	16	44
148	0	60	43	39	46	50	50	16	44
149	0	60	43	39	46	50	50	16	44
150	0	60	43	39	46	50	50	16	44
151	0	60	43	56	46	50	50	16	44
152	0	60	43	56	46	50	50	16	44
153	0	60	43	56	46	50	50	16	44
154	0	60	43	56	46	50	50	16	44
155	0	60	43	56	46	50	50	16	44
156	0	60	43	56	46	50	50	16	44
157	0	60	43	56	46	50	50	16	44
158	0	60	43	56	46	50	50	16	44
159	0	60	43	56	46	50	50	16	44
160	0	60	43	56	46	50	50	16	44
161	0	60	43	56	46	50	50	16	44
162	0	60	43	56	46	50	50	16	44
163	0	60	43	56	46	50	50	16	44
164	0	60	43	56	46	50	50	16	44
165	0	60	43	56	46	50	50	16	44
166	0	60	43	56	46	50	50	16	44
167	0	60	43	56	46	50	50	16	44
168	0	60	43	56	46	50	50	16	44
169	0	60	43	56	46	50	50	16	44
170	0	60	43	56	46	50	50	16	44
171	0	60	43	56	46	50	50	16	44
172	0	60	43	56	46	50	50	16	44
173	0	60	43	56	46	50	50	16	44
174	0	60	43	56	46	50	50	16	44
175	0	60	43	56	46	50	50	16	44
176	0	60	43	56	46	50	50	16	44
177	0	60	43	56	46	50	50	16	44
178	0	60	43	56	46	50	50	16	44
179	0	60	43	56	46	50	50	16	44
180	0	60	43	56	46	50	50	16	44
181	0	60	43	56	46	50	50	16	44
182	0	60	43	56	46	50	50	16	44
183	0	60	43	56	46	50	50	16	44
184	0	60	43	56	46	50	50	16	44
185	0	60	43	56	46	50	50	16	44
186	0	60	43	56	46	22	50	16	44
187	0	60	43	56	46	50	50	16	44
188	0	60	43	56	46	50	50	16	44
189	0	60	43	56	46	50	50	16	44
190	0	60	43	56	46	50	50	16	44
191	0	60	43	56	46	50	50	16	44
192	0	60	43	56	46	50	50	16	44
193	0	60	43	56	46	50	50	16	44
194	0	60	43	56	46	50	50	16	44
195	0	60	43	56	46	50	50	16	44
196	0	60	43	56	46	50	50	16	44
197	0	60	43	56	46	50	50	16	44
198	0	60	43	56	46	50	50	16	44
199	0	60	43	56	46	50	50	16	44
200	0	60	43	56	46	50	50	16	44
201	0	60	43	56	46	22	50	16	44
202	0	60	43	56	46	22	50	16	44
203	0	60	43	56	46	22	50	16	44
204	0	60	43	56	46	22	50	16	44
205	0	60	43	56	46	22	50	16	44
206	0	60	43	56	46	22	50	16	44
207	0	60	43	56	46	22	50	16	44
208	0	60	43	56	46	22	50	16	44
209	0	60	43	56	46	22	50	16	44
210	0	60	43	56	46	50	50	16	44
211	0	60	43	56	46	50	50	16	44
212	0	60	43	56	46	50	50	16	44
213	0	60	43	56	46	22	50	16	44
214	0	60	43	56	46	50	50	16	44
215	0	60	43	56	46	50	50	16	44
216	0	60	43	56	46	50	50	16	44
217	0	60	43	56	46	50	50	16	44
218	0	60	43	56	46	22	50	16	44
219	0	60	43	56	46	22	50	16	44
220	0	60	43	56	46	22	50	16	44
221	0	60	43	56	46	22	50	16	44
222	0	60	43	56	46	22	50	16	44
223	0	60	43	56	46	22	50	16	44
224	0	60	43	56	46	22	50	16	44
225	0	60	43	56	46	22	50	16	44
226	0	60	43	56	46	22	50	16	44
227	0	60	43	56	46	22	50	16	44
228	0	60	43	56	46	22	50	16	44
229	0	60	43	56	46	22	50	16	44
230	1	60	11	56	46	22	50	16	44
231	2	60	11	56	46	22	50	16	44
232	3	60	11	56	46	22	50	16	44
233	0	60	43	56	46	22	50	16	44
234	1	60	11	56	46	22	50	16	44
235	2	60	11	56	46	22	50	16	44
236	3	60	11	56	46	22	50	16	44
237	4	60	11	56	46	22	50	16	44
238	5	60	11	56	46	22	50	16	44
239	6	60	11	56	46	22	50	16	44
240	7	60	11	56	46	22	50	16	44
241	8	60	11	56	46	22	50	16	44
242	9	60	11	56	46	22	50	16	44
243	10	60	11	56	46	22	50	16	44
244	11	60	11	56	46	22	50	16	44
245	12	60	11	56	46	22	50	16	44
246	13	60	11	56	46	22	50	16	44
247	14	60	11	56	46	22	50	16	44
248	15	60	11	56	46	22	50	16	44
249	16	60	11	56	46	22	50	16	44
250	17	60	11	56	46	22	50	16	44
251	18	60	11	56	46	22	50	16	44
252	19	60	11	56	46	22	50	16	44
253	20	60	11	56	46	22	50	16	44
254	21	60	11	56	46	22	50	16	44
255	22	60	11	56	46	22	50	16	44
256	23	60	11	56	46	22	50	16	44
257	24	60	11	56	46	22	50	16	44
258	25	60	11	56	46	22	50	16	44
259	26	60	11	56	46	22	50	16	44
260	27	60	11	56	46	22	50	16	44
261	28	60	11	56	46	22	50	16	44
262	29	60	11	56	46	22	50	16	44
263	30	60	11	56	46	22	50	16	44
264	31	60	11	56	46	22	50	16	44
265	32	60	11	56	46	22	50	16	44
266	33	60	11	56	46	22	50	16	44
267	34	60	11	56	46	22	50	16	44
268	35	60	11	56	46	22	50	16	44
269	36	60	11	56	46	22	50	16	44
270	37	60	11	56	46	22	50	16	44
271	38	60	11	56	46	22	50	16	44
272	39	60	11	56	46	22	50	16	44
273	40	60	11	56	46	22	50	16	44
274	41	60	11	56	46	22	50	16	44
275	42	60	11	56	46	22	50	16	44
276	43	60	11	56	46	22	50	16	44
277	44	60	11	56	46	22	50	16	44
278	45	60	11	56	46	22	50	16	44
279	46	60	11	56	46	22	50	16	44
280	47	60	11	56	46	22	50	16	44
281	48	60	11	56	46	22	50	16	44
282	49	60	11	56	46	22	50	16	44
283	50	60	11	56	46	22	50	16	44
284	51	60	11	56	46	22	50	16	44
285	52	60	11	56	46	22	50	16	44
286	53	60	11	56	46	22	50	16	44
287	54	60	11	56	46	22	50	16	44
288	55	60	11	56	46	22	50	16	44
289	56	60	11	56	46	22	50	16	44
290	57	60	11	56	46	22	50	16	44
291	58	60	11	56	46	22	50	16	44
292	59	60	11	56	46	22	50	16	44
293	60	60	11	56	46	22	50	16	44
294	61	60	11	56	46	22	50	16	44
295	62	60	11	56	46	22	50	16	44
296	63	60	11	56	46	22	50	16	44
297	64	60	11	56	46	22	50	16	44
298	65	60	11	56	46	22	50	16	44
299	66	60	11	56	46	22	50	16	44
300	67	60	11	56	46	22	50	16	44
301	68	60	11	56	46	22	50	16	44
302	69	60	11	56	46	22	50	16	44
303	70	60	11	56	46	22	50	16	44
304	71	60	11	56	46	22	50	16	44
305	72	60	11	56	46	22	50	16	44
306	73	60	11	56	46	22	50	16	44
307	74	60	11	56	46	22	50	16	44
308	75	60	11	56	46	22	50	16	44
309	76	60	11	56	46	22	50	16	44
310	77	60	11	56	46	22	50	16	44
311	78	60	11	56	46	22	50	16	44
312	79	60	11	56	46	22	50	16	44
313	80	60	11	56	46	22	50	16	44
314	81	60	11	56	46	22	50	16	44
315	82	60	11	56	46	22	50	16	44
316	83	60	11	56	46	22	50	16	44
317	84	60	11	56	46	22	50	16	44
318	85	60	11	56	46	22	50	16	44
319	86	60	11	56	46	22	50	16	44
320	87	60	11	56	46	22	50	16	44
321	88	60	11	56	46	22	50	16	44
322	89	60	11	56	46	22	50	16	44
323	90	60	11	56	46	22	50	16	44
324	91	60	11	56	46	22	50	16	44
325	92	60	11	56	46	22	50	16	44
326	93	60	11	56	46	22	50	16	44
327	94	60	11	56	46	22	50	16	44
328	95	60	11	56	46	22	50	16	44
329	96	60	11	56	46	22	50	16	44
330	97	60	11	56	46	22	50	16	44
331	98	60	11	56	46	22	50	16	44
332	99	60	11	56	46	22	50	16	44
333	100	60	11	56	46	22	50	16	44
# 8	333
################

# Stability threshold: 100
# Iteration threshold: 100
1
2
3
4
5
6
7
8
9
10
11
12
13
14
15
16
17
18
19
20
21
22
23
24
25
26
27
28
29
30
31
32
33
34
35
36
37
38
39
40
41
42
43
44
45
46
47
48
49
50
51
52
53
54
55
56
57
58
59
60
61
62
63
64
65
66
67
68
69
70
71
72
73
74
75
76
77
78
79
80
81
82
83
84
85
86
87
88
89
90
91
92
93
94
95
96
97
98
99
100	0	7	9	34	46	11	50	56	44
101	0	7	9	34	46	11	50	56	44
102	0	7	9	25	46	41	50	56	44
103	0	63	9	25	46	41	50	56	44
104	0	63	9	25	46	41	50	56	44
105	0	63	9	25	46	11	50	63	44
106	0	7	19	25	46	11	50	47	44
107	0	7	46	25	46	41	50	47	44
108	0	7	46	25	46	41	50	47	44
109	0	7	46	25	46	41	50	47	44
110	0	7	46	25	46	41	50	16	44
111	0	7	46	25	46	41	50	16	44
112	0	7	46	25	46	41	50	47	44
113	0	7	46	25	46	41	50	47	44
114	0	63	19	25	46	41	50	47	44
115	0	63	19	25	46	11	50	47	44
116	0	63	46	25	46	11	50	47	44
117	0	63	19	25	46	41	50	47	44
118	0	63	19	25	46	11	50	47	44
119	0	63	19	25	46	11	50	47	44
120	0	63	19	25	46	11	50	47	44
121	0	63	19	25	14	11	50	47	44
122	0	63	19	25	14	41	54	47	44
123	0	63	19	25	14	11	50	47	44
124	0	63	19	25	46	11	50	15	44
125	0	63	19	30	46	11	50	15	44
126	0	63	19	30	46	11	50	15	44
127	0	63	19	30	46	11	50	15	44
128	0	63	19	30	14	11	50	15	44
129	0	63	9	30	46	11	50	63	44
130	0	63	9	30	46	11	50	63	44
131	0	63	9	30	46	11	50	63	44
132	0	63	19	30	46	11	50	16	44
133	0	63	19	30	46	11	50	16	44
134	0	63	19	30	46	11	50	16	44
135	0	63	19	30	46	11	50	16	44
136	0	63	19	30	46	11	50	16	44
137	0	63	19	30	46	11	50	16	44
138	0	63	19	31	46	11	50	16	44
139	0	63	19	31	46	11	50	16	44
140	0	63	19	30	46	11	50	63	44
141	0	63	19	30	46	11	50	63	44
142	0	63	19	30	46	11	50	63	44
143	0	23	19	30	46	6	50	63	44
144	0	23	19	25	46	6	50	63	44
145	0	23	19	25	46	6	50	63	44
146	0	23	19	25	46	6	50	16	44
147	0	23	19	25	46	6	50	16	44
148	0	63	19	25	46	6	50	63	44
149	0	63	19	25	46	6	50	16	44
150	0	63	19	25	46	6	50	16	44
151	0	63	19	24	46	6	50	16	44
152	0	63	19	25	46	6	50	16	44
153	0	63	19	25	46	6	50	16	44
154	0	63	19	25	46	11	50	16	44
155	0	63	19	25	46	11	50	16	44
156	0	23	11	25	46	11	50	16	44
157	0	23	19	25	46	11	50	16	44
158	0	23	19	25	46	11	50	63	44
159	0	23	19	25	46	11	50	63	44
160	0	23	19	25	46	11	50	63	44
161	0	23	19	25	46	11	50	63	44
162	0	23	19	25	46	11	50	63	44
163	0	23	19	25	46	11	50	63	44
164	0	23	19	25	46	11	50	63	44
165	0	23	11	40	46	11	50	63	44
166	0	23	11	25	46	11	50	63	44
167	0	23	11	25	46	11	50	63	44
168	0	23	11	25	46	11	50	63	44
169	0	23	11	25	46	11	50	63	44
170	0	23	11	24	46	11	50	63	44
171	0	23	11	24	46	11	50	63	44
172	0	23	11	24	46	11	50	63	44
173	0	23	11	24	46	11	50	63	44
174	0	63	11	24	46	11	50	63	44
175	0	63	11	24	46	11	50	63	44
176	0	63	11	24	46	11	50	63	44
177	0	63	11	24	46	11	50	63	44
178	0	63	11	24	46	11	50	63	44
179	0	23	11	24	46	11	50	16	44
180	0	60	11	24	46	11	50	16	44
181	0	60	11	56	46	11	50	16	44
182	0	23	11	56	46	11	50	16	44
183	0	23	11	56	46	11	50	16	44
184	0	23	11	56	46	11	50	16	44
185	0	23	11	56	46	11	50	16	44
186	0	23	11	56	46	11	50	16	44
187	0	60	54	56	46	11	50	16	44
188	0	60	54	56	46	11	50	16	44
189	0	60	54	5	46	11	50	16	44
190	0	60	11	5	46	11	50	16	44
191	0	60	11	5	46	11	50	16	44
192	0	60	11	5	46	11	50	16	44
193	0	60	11	5	46	11	50	16	44
194	0	60	11	5	46	11	50	16	44
195	0	60	11	5	46	11	50	16	44
196	0	60	11	5	46	11	50	16	44
197	0	60	11	5	46	11	50	16	44
198	0	60	11	5	46	11	50	16	44
199	0	60	11	5	46	11	50	16	44
200	0	60	11	5	46	11	50	16	44
201	0	60	11	5	46	11	50	16	44
202	0	60	11	5	46	11	50	16	44
203	0	60	11	5	46	29	50	16	44
204	0	60	11	5	46	29	50	16	44
205	0	60	11	5	46	29	50	16	44
206	0	60	11	5	46	29	50	16	44
207	0	60	11	24	46	29	50	16	44
208	0	60	11	24	46	22	50	16	44
209	0	60	11	24	46	22	50	16	44
210	0	60	11	24	46	29	50	16	44
211	0	60	54	24	46	29	50	16	44
212	0	60	11	24	46	29	50	16	44
213	0	60	11	24	46	22	50	16	44
214	0	60	11	24	46	22	50	16	44
215	0	60	11	24	46	22	50	16	44
216	0	60	11	24	46	22	50	16	44
217	0	60	11	24	46	22	50	16	44
218	0	60	11	5	46	22	50	16	44
219	0	60	11	24	46	29	50	16	44
220	0	60	11	24	46	22	50	16	44
221	0	60	11	24	46	22	50	16	44
222	0	60	11	24	46	22	50	16	44
223	1	60	11	56	46	22	50	16	44
224	2	60	11	56	46	22	50	16	44
225	0	23	11	56	46	22	50	16	44
226	0	23	11	56	46	22	50	16	44
227	0	23	11	56	46	22	50	16	44
228	0	23	11	56	46	22	50	16	44
229	0	23	11	56	46	22	50	16	44
230	0	23	11	56	46	22	50	16	44
231	0	23	11	56	46	22	50	16	44
232	0	23	11	56	46	22	50	16	44
233	0	23	11	56	46	22	50	16	44
234	0	23	11	56	46	22	50	16	44
235	0	23	11	56	46	22	50	16	44
236	0	23	11	56	46	22	50	16	44
237	0	23	11	56	46	22	50	16	44
238	0	23	11	24	46	22	50	16	44
239	0	23	11	24	46	22	50	16	44
240	0	23	11	56	46	22	50	16	44
241	0	23	11	56	46	22	50	16	44
242	0	23	11	24	46	22	50	16	44
243	0	23	11	24	46	22	50	16	44
244	0	23	11	24	46	22	50	16	44
245	0	23	11	24	46	22	50	16	44
246	0	23	11	24	46	22	50	16	44
247	0	23	11	5	46	22	50	16	44
248	0	23	11	24	46	22	50	16	44
249	0	23	11	5	46	22	50	16	44
250	0	23	11	5	46	22	50	16	44
251	0	23	11	24	46	22	50	16	44
252	0	23	11	24	46	22	50	16	44
253	0	60	11	24	46	22	50	16	44
254	0	60	11	24	46	22	50	16	44
255	0	60	11	24	46	22	50	16	44
256	0	60	11	24	46	22	50	16	44
257	0	60	11	24	46	22	50	16	44
258	0	60	11	24	46	22	50	16	44
259	0	60	11	24	46	22	50	16	44
260	0	60	11	24	46	22	50	16	44
261	0	60	11	24	46	22	50	16	44
262	0	60	11	24	46	22	50	16	44
263	0	60	11	24	46	22	50	16	44
264	0	60	11	24	46	22	50	16	44
265	0	23	11	24	46	22	50	16	44
266	0	60	11	24	46	22	50	16	44
267	0	60	11	24	46	22	50	16	44
268	1	60	11	56	46	22	50	16	44
269	2	60	11	56	46	22	50	16	44
270	0	23	11	56	46	22	50	16	44
271	1	60	11	56	46	22	50	16	44
272	2	60	11	56	46	22	50	16	44
273	3	60	11	56	46	22	50	16	44
274	0	60	11	24	46	22	50	16	44
275	0	60	11	24	46	22	50	16	44
276	0	60	11	24	46	22	50	16	44
277	1	60	11	56	46	22	50	16	44
278	2	60	11	56	46	22	50	16	44
279	3	60	11	56	46	22	50	16	44
280	4	60	11	56	46	22	50	16	44
281	5	60	11	56	46	22	50	16	44
282	6	60	11	56	46	22	50	16	44
283	0	60	11	24	46	22	50	16	44
284	0	60	11	24	46	22	50	16	44
285	1	60	11	56	46	22	50	16	44
286	2	60	11	56	46	22	50	16	44
287	3	60	11	56	46	22	50	16	44
288	4	60	11	56	46	22	50	16	44
289	5	60	11	56	46	22	50	16	44
290	6	60	11	56	46	22	50	16	44
291	0	60	11	24	46	22	50	16	44
292	1	60	11	56	46	22	50	16	44
293	0	60	11	24	46	22	50	16	44
294	0	60	11	24	46	22	50	16	44
295	1	60	11	56	46	22	50	16	44
296	2	60	11	56	46	22	50	16	44
297	0	60	11	24	46	22	50	16	44
298	0	60	11	24	46	22	50	16	44
299	0	60	11	24	46	22	50	16	44
300	0	60	11	24	46	22	50	16	44
301	0	60	11	24	46	22	50	16	44
302	0	60	11	24	46	22	50	16	44
303	0	60	11	24	46	22	50	16	44
304	1	60	11	56	46	22	50	16	44
305	2	60	11	56	46	22	50	16	44
306	3	60	11	56	46	22	50	16	44
307	4	60	11	56	46	22	50	16	44
308	5	60	11	56	46	22	50	16	44
309	6	60	11	56	46	22	50	16	44
310	7	60	11	56	46	22	50	16	44
311	8	60	11	56	46	22	50	16	44
312	9	60	11	56	46	22	50	16	44
313	10	60	11	56	46	22	50	16	44
314	11	60	11	56	46	22	50	16	44
315	12	60	11	56	46	22	50	16	44
316	13	60	11	56	46	22	50	16	44
317	14	60	11	56	46	22	50	16	44
318	15	60	11	56	46	22	50	16	44
319	16	60	11	56	46	22	50	16	44
320	17	60	11	56	46	22	50	16	44
321	18	60	11	56	46	22	50	16	44
322	19	60	11	56	46	22	50	16	44
323	20	60	11	56	46	22	50	16	44
324	21	60	11	56	46	22	50	16	44
325	22	60	11	56	46	22	50	16	44
326	23	60	11	56	46	22	50	16	44
327	24	60	11	56	46	22	50	16	44
328	25	60	11	56	46	22	50	16	44
329	26	60	11	56	46	22	50	16	44
330	27	60	11	56	46	22	50	16	44
331	28	60	11	56	46	22	50	16	44
332	29	60	11	56	46	22	50	16	44
333	30	60	11	56	46	22	50	16	44
334	31	60	11	56	46	22	50	16	44
335	32	60	11	56	46	22	50	16	44
336	33	60	11	56	46	22	50	16	44
337	34	60	11	56	46	22	50	16	44
338	35	60	11	56	46	22	50	16	44
339	36	60	11	56	46	22	50	16	44
340	37	60	11	56	46	22	50	16	44
341	38	60	11	56	46	22	50	16	44
342	39	60	11	56	46	22	50	16	44
343	40	60	11	56	46	22	50	16	44
344	41	60	11	56	46	22	50	16	44
345	42	60	11	56	46	22	50	16	44
346	43	60	11	56	46	22	50	16	44
347	44	60	11	56	46	22	50	16	44
348	45	60	11	56	46	22	50	16	44
349	46	60	11	56	46	22	50	16	44
350	47	60	11	56	46	22	50	16	44
351	48	60	11	56	46	22	50	16	44
352	49	60	11	56	46	22	50	16	44
353	50	60	11	56	46	22	50	16	44
354	51	60	11	56	46	22	50	16	44
355	52	60	11	56	46	22	50	16	44
356	53	60	11	56	46	22	50	16	44
357	54	60	11	56	46	22	50	16	44
358	55	60	11	56	46	22	50	16	44
359	56	60	11	56	46	22	50	16	44
360	57	60	11	56	46	22	50	16	44
361	58	60	11	56	46	22	50	16	44
362	59	60	11	56	46	22	50	16	44
363	60	60	11	56	46	22	50	16	44
364	61	60	11	56	46	22	50	16	44
365	62	60	11	56	46	22	50	16	44
366	63	60	11	56	46	22	50	16	44
367	64	60	11	56	46	22	50	16	44
368	65	60	11	56	46	22	50	16	44
369	66	60	11	56	46	22	50	16	44
370	67	60	11	56	46	22	50	16	44
371	68	60	11	56	46	22	50	16	44
372	69	60	11	56	46	22	50	16	44
373	70	60	11	56	46	22	50	16	44
374	71	60	11	56	46	22	50	16	44
375	72	60	11	56	46	22	50	16	44
376	73	60	11	56	46	22	50	16	44
377	74	60	11	56	46	22	50	16	44
378	75	60	11	56	46	22	50	16	44
379	76	60	11	56	46	22	50	16	44
380	77	60	11	56	46	22	50	16	44
381	78	60	11	56	46	22	50	16	44
382	79	60	11	56	46	22	50	16	44
383	80	60	11	56	46	22	50	16	44
384	81	60	11	56	46	22	50	16	44
385	82	60	11	56	46	22	50	16	44
386	83	60	11	56	46	22	50	16	44
387	84	60	11	56	46	22	50	16	44
388	85	60	11	56	46	22	50	16	44
389	86	60	11	56	46	22	50	16	44
390	87	60	11	56	46	22	50	16	44
391	88	60	11	56	46	22	50	16	44
392	89	60	11	56	46	22	50	16	44
393	90	60	11	56	46	22	50	16	44
394	91	60	11	56	46	22	50	16	44
395	92	60	11	56	46	22	50	16	44
396	93	60	11	56	46	22	50	16	44
397	94	60	11	56	46	22	50	16	44
398	95	60	11	56	46	22	50	16	44
399	96	60	11	56	46	22	50	16	44
400	97	60	11	56	46	22	50	16	44
401	98	60	11	56	46	22	50	16	44
402	99	60	11	56	46	22	50	16	44
403	100	60	11	56	46	22	50	16	44
# 9	403
################

# Stability threshold: 100
# Iteration threshold: 100
1
2
3
4
5
6
7
8
9
10
11
12
13
14
15
16
17
18
19
20
21
22
23
24
25
26
27
28
29
30
31
32
33
34
35
36
37
38
39
40
41
42
43
44
45
46
47
48
49
50
51
52
53
54
55
56
57
58
59
60
61
62
63
64
65
66
67
68
69
70
71
72
73
74
75
76
77
78
79
80
81
82
83
84
85
86
87
88
89
90
91
92
93
94
95
96
97
98
99
100	0	60	32	32	46	22	50	16	8
101	0	60	32	32	46	22	9	16	8
102	0	60	32	32	46	0	9	16	8
103	0	60	32	32	46	0	9	16	8
104	0	60	39	32	46	0	9	16	8
105	0	60	32	32	46	0	9	16	8
106	0	60	32	32	46	22	9	16	8
107	0	60	32	3	46	22	9	16	8
108	0	60	32	3	46	22	9	16	8
109	0	60	32	3	46	22	9	16	8
110	0	60	32	55	46	22	50	16	8
111	0	60	32	55	46	22	50	16	8
112	0	60	32	55	46	22	50	16	8
113	0	60	32	55	46	22	50	16	14
114	0	60	32	55	46	22	50	16	14
115	0	60	32	55	46	22	50	16	14
116	0	60	32	55	46	22	50	16	14
117	0	60	32	55	46	22	50	16	14
118	0	60	32	55	46	22	50	16	14
119	0	60	32	55	46	22	50	16	14
120	0	60	32	55	46	22	50	16	14
121	0	60	32	55	46	22	50	16	14
122	0	60	32	55	46	22	50	16	14
123	0	60	32	55	46	22	50	16	14
124	0	60	32	55	46	22	50	16	14
125	0	60	32	55	46	22	50	16	14
126	0	60	32	53	46	22	50	16	14
127	0	60	32	53	46	22	50	16	14
128	0	60	32	53	46	22	50	16	14
129	0	60	32	53	46	22	50	16	14
130	0	60	32	53	46	22	50	16	14
131	0	60	32	53	46	22	50	16	14
132	0	60	32	53	46	22	50	16	14
133	0	60	32	53	46	22	50	16	14
134	0	60	32	32	46	22	50	16	14
135	0	60	32	32	46	22	50	16	14
136	0	60	32	32	46	22	50	16	14
137	0	60	32	32	46	22	50	16	14
138	0	60	32	32	46	22	50	16	14
139	0	60	32	32	46	22	50	16	14
140	0	60	32	32	46	22	50	16	14
141	0	60	32	32	46	22	50	16	14
142	0	60	32	32	46	22	50	16	14
143	0	60	32	32	46	22	50	16	14
144	0	60	32	32	46	22	50	16	14
145	0	60	32	32	46	22	50	16	14
146	0	60	32	32	46	22	50	16	14
147	0	60	32	32	46	22	50	16	14
148	0	60	32	32	46	22	50	16	14
149	0	60	32	32	46	22	50	16	14
150	0	60	32	32	46	22	50	16	14
151	0	60	32	56	46	22	50	16	14
152	0	60	32	56	46	22	50	16	14
153	0	60	32	56	46	22	50	16	14
154	0	60	32	56	46	22	50	16	14
155	0	60	11	56	46	22	50	16	14
156	0	60	11	56	46	22	50	16	14
157	0	60	11	56	46	22	50	16	14
158	0	60	11	56	46	22	50	16	14
159	0	60	11	56	46	22	50	16	14
160	0	60	11	56	46	22	50	16	14
161	0	60	11	56	46	22	50	16	14
162	0	60	11	56	46	22	50	16	14
163	0	60	11	56	46	22	50	16	14
164	0	60	11	56	46	22	50	16	14
165	0	60	11	56	46	22	50	16	14
166	0	60	11	56	46	22	50	16	14
167	0	60	11	56	46	22	50	16	14
168	0	60	11	56	46	22	50	16	14
169	0	60	11	56	46	22	50	16	14
170	0	60	11	56	46	22	50	16	14
171	0	60	11	56	46	22	50	16	14
172	0	60	11	56	46	35	50	16	14
173	0	60	11	56	46	22	50	16	14
174	0	60	11	56	46	22	50	16	14
175	0	60	11	56	46	35	50	16	14
176	0	60	11	56	46	22	50	16	14
177	0	60	11	56	46	22	50	16	14
178	0	60	11	56	46	22	50	16	14
179	0	60	11	56	46	22	50	16	14
180	0	60	11	56	46	22	50	16	14
181	0	60	11	56	46	22	50	16	14
182	0	60	11	56	46	22	50	16	14
183	0	60	11	56	46	22	50	16	14
184	0	60	11	56	46	22	50	16	14
185	0	60	11	56	46	22	50	16	14
186	0	60	11	56	46	22	50	16	14
187	0	60	11	56	46	22	50	16	14
188	0	60	11	56	46	22	50	16	14
189	0	60	11	56	46	22	50	16	14
190	0	60	11	56	46	22	50	16	14
191	0	60	11	56	46	22	50	16	14
192	0	60	11	56	46	22	50	16	14
193	0	60	11	56	46	22	50	16	14
194	0	60	11	56	46	22	50	16	14
195	0	60	11	56	46	22	50	16	14
196	0	60	11	56	46	22	50	16	14
197	0	60	11	56	46	22	50	16	14
198	1	60	11	56	46	22	50	16	44
199	0	60	11	56	46	22	50	16	14
200	1	60	11	56	46	22	50	16	44
201	2	60	11	56	46	22	50	16	44
202	3	60	11	56	46	22	50	16	44
203	4	60	11	56	46	22	50	16	44
204	5	60	11	56	46	22	50	16	44
205	6	60	11	56	46	22	50	16	44
206	7	60	11	56	46	22	50	16	44
207	8	60	11	56	46	22	50	16	44
208	9	60	11	56	46	22	50	16	44
209	10	60	11	56	46	22	50	16	44
210	11	60	11	56	46	22	50	16	44
211	12	60	11	56	46	22	50	16	44
212	13	60	11	56	46	22	50	16	44
213	14	60	11	56	46	22	50	16	44
214	15	60	11	56	46	22	50	16	44
215	16	60	11	56	46	22	50	16	44
216	17	60	11	56	46	22	50	16	44
217	18	60	11	56	46	22	50	16	44
218	19	60	11	56	46	22	50	16	44
219	20	60	11	56	46	22	50	16	44
220	21	60	11	56	46	22	50	16	44
221	22	60	11	56	46	22	50	16	44
222	23	60	11	56	46	22	50	16	44
223	24	60	11	56	46	22	50	16	44
224	25	60	11	56	46	22	50	16	44
225	26	60	11	56	46	22	50	16	44
226	27	60	11	56	46	22	50	16	44
227	28	60	11	56	46	22	50	16	44
228	29	60	11	56	46	22	50	16	44
229	30	60	11	56	46	22	50	16	44
230	31	60	11	56	46	22	50	16	44
231	32	60	11	56	46	22	50	16	44
232	33	60	11	56	46	22	50	16	44
233	34	60	11	56	46	22	50	16	44
234	35	60	11	56	46	22	50	16	44
235	36	60	11	56	46	22	50	16	44
236	37	60	11	56	46	22	50	16	44
237	38	60	11	56	46	22	50	16	44
238	39	60	11	56	46	22	50	16	44
239	40	60	11	56	46	22	50	16	44
240	41	60	11	56	46	22	50	16	44
241	42	60	11	56	46	22	50	16	44
242	43	60	11	56	46	22	50	16	44
243	44	60	11	56	46	22	50	16	44
244	45	60	11	56	46	22	50	16	44
245	46	60	11	56	46	22	50	16	44
246	47	60	11	56	46	22	50	16	44
247	48	60	11	56	46	22	50	16	44
248	49	60	11	56	46	22	50	16	44
249	50	60	11	56	46	22	50	16	44
250	51	60	11	56	46	22	50	16	44
251	52	60	11	56	46	22	50	16	44
252	53	60	11	56	46	22	50	16	44
253	54	60	11	56	46	22	50	16	44
254	55	60	11	56	46	22	50	16	44
255	56	60	11	56	46	22	50	16	44
256	57	60	11	56	46	22	50	16	44
257	58	60	11	56	46	22	50	16	44
258	59	60	11	56	46	22	50	16	44
259	60	60	11	56	46	22	50	16	44
260	61	60	11	56	46	22	50	16	44
261	62	60	11	56	46	22	50	16	44
262	63	60	11	56	46	22	50	16	44
263	64	60	11	56	46	22	50	16	44
264	65	60	11	56	46	22	50	16	44
265	66	60	11	56	46	22	50	16	44
266	67	60	11	56	46	22	50	16	44
267	68	60	11	56	46	22	50	16	44
268	69	60	11	56	46	22	50	16	44
269	70	60	11	56	46	22	50	16	44
270	71	60	11	56	46	22	50	16	44
271	72	60	11	56	46	22	50	16	44
272	73	60	11	56	46	22	50	16	44
273	74	60	11	56	46	22	50	16	44
274	75	60	11	56	46	22	50	16	44
275	76	60	11	56	46	22	50	16	44
276	77	60	11	56	46	22	50	16	44
277	78	60	11	56	46	22	50	16	44
278	79	60	11	56	46	22	50	16	44
279	80	60	11	56	46	22	50	16	44
280	81	60	11	56	46	22	50	16	44
281	82	60	11	56	46	22	50	16	44
282	83	60	11	56	46	22	50	16	44
283	84	60	11	56	46	22	50	16	44
284	85	60	11	56	46	22	50	16	44
285	86	60	11	56	46	22	50	16	44
286	87	60	11	56	46	22	50	16	44
287	88	60	11	56	46	22	50	16	44
288	89	60	11	56	46	22	50	16	44
289	90	60	11	56	46	22	50	16	44
290	91	60	11	56	46	22	50	16	44
291	92	60	11	56	46	22	50	16	44
292	93	60	11	56	46	22	50	16	44
293	94	60	11	56	46	22	50	16	44
294	95	60	11	56	46	22	50	16	44
295	96	60	11	56	46	22	50	16	44
296	97	60	11	56	46	22	50	16	44
297	98	60	11	56	46	22	50	16	44
298	99	60	11	56	46	22	50	16	44
299	100	60	11	56	46	22	50	16	44
# 10	299
################

# average 367.700000
