# Stability threshold: 100
# Iteration threshold: 100
1
2
3
4
5
6
7
8
9
10
11
12
13
14
15
16
17
18
19
20
21
22
23
24
25
26
27
28
29
30
31
32
33
34
35
36
37
38
39
40
41
42
43
44
45
46
47
48
49
50
51
52
53
54
55
56
57
58
59
60
61
62
63
64
65
66
67
68
69
70
71
72
73
74
75
76
77
78
79
80
81
82
83
84
85
86
87
88
89
90
91
92
93
94
95
96
97
98
99
100	0	39	11	23	34	22	50	16	8
101	0	60	11	6	34	22	50	16	8
102	0	60	11	6	49	22	50	16	8
103	0	60	11	23	49	22	50	16	31
104	0	60	11	23	49	22	50	16	44
105	0	39	11	23	49	22	50	16	44
106	0	39	11	23	49	22	50	16	44
107	0	39	11	23	49	22	50	16	44
108	0	39	11	23	49	22	50	16	44
109	0	39	11	23	49	22	50	16	44
110	0	39	11	23	49	22	50	16	44
111	0	39	11	23	49	22	50	16	44
112	0	39	11	23	49	22	50	16	44
113	0	39	11	23	49	22	50	16	44
114	0	39	11	23	49	22	50	16	44
115	0	39	11	25	49	22	50	16	44
116	0	39	11	23	49	22	50	16	44
117	0	39	11	23	49	22	50	16	44
118	0	39	11	23	49	22	50	16	44
119	0	39	11	23	49	22	50	16	44
120	0	24	11	23	49	22	50	16	44
121	0	24	11	23	49	22	50	16	44
122	0	24	11	23	49	22	50	16	44
123	0	24	11	23	49	22	50	16	44
124	0	24	11	23	49	22	50	16	44
125	0	60	11	23	49	22	50	16	44
126	0	60	11	23	49	22	50	16	44
127	0	60	11	56	49	54	50	16	44
128	1	60	11	56	46	22	50	16	44
129	2	60	11	56	46	22	50	16	44
130	0	60	11	56	46	54	50	16	44
131	0	60	11	56	46	54	50	16	44
132	0	39	11	18	46	54	50	16	44
133	0	60	11	18	46	22	50	16	44
134	0	60	11	18	46	22	50	16	44
135	0	60	11	18	46	22	50	16	44
136	0	39	11	18	46	22	50	16	44
137	0	39	11	18	46	22	50	16	44
138	0	60	11	18	46	22	50	16	44
139	1	60	11	56	46	22	50	16	44
140	2	60	11	56	46	22	50	16	44
141	3	60	11	56	46	22	50	16	44
142	0	60	11	56	49	22	50	16	44
143	0	60	11	56	60	22	50	16	44
144	1	60	11	56	46	22	50	16	44
145	2	60	11	56	46	22	50	16	44
146	3	60	11	56	46	22	50	16	44
147	4	60	11	56	46	22	50	16	44
148	5	60	11	56	46	22	50	16	44
149	6	60	11	56	46	22	50	16	44
150	0	39	11	56	46	22	50	16	44
151	0	39	11	56	46	22	50	16	44
152	0	39	11	56	46	22	50	16	44
153	0	39	11	56	46	22	50	16	44
154	1	60	11	56	46	22	50	16	44
155	0	39	11	56	46	22	50	16	44
156	0	39	11	56	46	22	50	16	44
157	0	39	11	24	46	22	50	16	44
158	0	39	11	24	46	22	50	16	44
159	0	39	11	56	46	22	50	16	44
160	0	39	11	56	46	22	50	16	44
161	0	39	11	56	46	22	50	16	44
162	0	39	11	56	46	22	50	16	44
163	0	39	11	56	46	22	50	16	44
164	0	39	11	56	46	22	50	16	44
165	1	60	11	56	46	22	50	16	44
166	2	60	11	56	46	22	50	16	44
167	3	60	11	56	46	22	50	16	44
168	4	60	11	56	46	22	50	16	44
169	5	60	11	56	46	22	50	16	44
170	6	60	11	56	46	22	50	16	44
171	7	60	11	56	46	22	50	16	44
172	8	60	11	56	46	22	50	16	44
173	9	60	11	56	46	22	50	16	44
174	10	60	11	56	46	22	50	16	44
175	11	60	11	56	46	22	50	16	44
176	12	60	11	56	46	22	50	16	44
177	13	60	11	56	46	22	50	16	44
178	0	39	11	56	46	22	50	16	44
179	0	39	11	56	46	22	50	16	44
180	0	39	11	56	46	22	50	16	44
181	0	39	11	56	46	22	50	16	44
182	0	39	11	56	46	22	50	16	44
183	0	39	11	56	46	22	50	16	44
184	0	39	11	56	46	22	50	16	44
185	0	39	11	56	46	22	50	16	44
186	0	39	11	56	46	22	50	16	44
187	0	39	11	56	46	22	50	16	44
188	0	39	11	56	46	22	50	16	44
189	0	39	11	56	46	22	50	16	44
190	0	39	11	56	46	22	50	16	44
191	0	39	11	56	46	22	50	16	44
192	0	39	11	24	46	22	50	16	44
193	0	39	11	24	46	22	50	16	44
194	0	39	11	24	46	22	50	16	44
195	0	39	11	24	46	22	50	16	44
196	0	39	11	24	46	22	50	16	44
197	0	39	11	24	46	22	50	16	44
198	0	39	11	56	46	22	50	16	44
199	1	60	11	56	46	22	50	16	44
200	2	60	11	56	46	22	50	16	44
201	3	60	11	56	46	22	50	16	44
202	4	60	11	56	46	22	50	16	44
203	0	39	11	56	46	22	50	16	44
204	1	60	11	56	46	22	50	16	44
205	2	60	11	56	46	22	50	16	44
206	3	60	11	56	46	22	50	16	44
207	4	60	11	56	46	22	50	16	44
208	5	60	11	56	46	22	50	16	44
209	6	60	11	56	46	22	50	16	44
210	7	60	11	56	46	22	50	16	44
211	8	60	11	56	46	22	50	16	44
212	9	60	11	56	46	22	50	16	44
213	10	60	11	56	46	22	50	16	44
214	11	60	11	56	46	22	50	16	44
215	12	60	11	56	46	22	50	16	44
216	13	60	11	56	46	22	50	16	44
217	14	60	11	56	46	22	50	16	44
218	15	60	11	56	46	22	50	16	44
219	0	60	11	24	46	22	50	16	44
220	0	60	11	24	46	22	50	16	44
221	0	60	11	24	46	22	50	16	44
222	0	60	11	24	46	22	50	16	44
223	0	60	11	24	46	22	50	16	44
224	0	60	11	24	46	22	50	16	44
225	0	60	11	24	46	22	50	16	44
226	0	60	11	24	46	22	50	16	44
227	0	60	11	24	46	22	50	16	44
228	0	60	11	24	46	22	50	16	44
229	0	60	11	24	46	22	50	16	44
230	0	60	11	24	46	22	50	16	44
231	0	60	11	24	46	22	50	16	44
232	0	60	11	24	46	22	50	16	44
233	0	60	11	24	46	22	50	16	44
234	0	60	11	24	46	22	50	16	44
235	0	60	11	24	46	22	50	16	44
236	0	60	11	24	46	22	50	16	44
237	0	60	11	24	46	22	50	16	44
238	0	60	11	24	46	22	50	16	44
239	0	60	11	24	46	22	50	16	44
240	0	60	11	24	46	22	50	16	44
241	0	60	11	24	46	22	50	16	44
242	0	60	11	24	46	22	50	16	44
243	0	60	11	24	46	22	50	16	44
244	0	60	11	24	46	22	50	16	44
245	0	60	11	24	46	22	50	16	44
246	0	60	11	24	46	22	50	16	44
247	0	60	11	24	46	22	50	16	44
248	0	60	11	24	46	22	50	16	44
249	0	60	11	24	46	22	50	16	44
250	0	60	11	24	46	22	50	16	44
251	0	60	11	24	46	22	50	16	44
252	0	60	11	24	46	22	50	16	44
253	0	60	11	24	46	22	50	16	44
254	0	60	11	24	46	22	50	16	44
255	0	60	11	24	46	22	50	16	44
256	0	60	11	24	46	22	50	16	44
257	0	60	11	24	46	22	50	16	44
258	0	60	11	24	46	22	50	16	44
259	0	60	11	24	46	22	50	16	44
260	0	60	11	24	46	22	50	16	44
261	0	60	11	24	46	22	50	16	44
262	0	60	11	24	46	22	50	16	44
263	0	60	11	24	46	22	50	16	44
264	0	60	11	24	46	22	50	16	44
265	0	60	11	24	46	22	50	16	44
266	0	60	11	24	46	22	50	16	44
267	0	60	11	24	46	22	50	16	44
268	0	60	11	24	46	22	50	16	44
269	0	60	11	24	46	22	50	16	44
270	1	60	11	56	46	22	50	16	44
271	2	60	11	56	46	22	50	16	44
272	3	60	11	56	46	22	50	16	44
273	4	60	11	56	46	22	50	16	44
274	5	60	11	56	46	22	50	16	44
275	6	60	11	56	46	22	50	16	44
276	7	60	11	56	46	22	50	16	44
277	8	60	11	56	46	22	50	16	44
278	9	60	11	56	46	22	50	16	44
279	10	60	11	56	46	22	50	16	44
280	11	60	11	56	46	22	50	16	44
281	12	60	11	56	46	22	50	16	44
282	13	60	11	56	46	22	50	16	44
283	14	60	11	56	46	22	50	16	44
284	15	60	11	56	46	22	50	16	44
285	16	60	11	56	46	22	50	16	44
286	17	60	11	56	46	22	50	16	44
287	18	60	11	56	46	22	50	16	44
288	19	60	11	56	46	22	50	16	44
289	20	60	11	56	46	22	50	16	44
290	21	60	11	56	46	22	50	16	44
291	22	60	11	56	46	22	50	16	44
292	23	60	11	56	46	22	50	16	44
293	24	60	11	56	46	22	50	16	44
294	25	60	11	56	46	22	50	16	44
295	26	60	11	56	46	22	50	16	44
296	27	60	11	56	46	22	50	16	44
297	28	60	11	56	46	22	50	16	44
298	29	60	11	56	46	22	50	16	44
299	30	60	11	56	46	22	50	16	44
300	31	60	11	56	46	22	50	16	44
301	32	60	11	56	46	22	50	16	44
302	33	60	11	56	46	22	50	16	44
303	34	60	11	56	46	22	50	16	44
304	35	60	11	56	46	22	50	16	44
305	36	60	11	56	46	22	50	16	44
306	37	60	11	56	46	22	50	16	44
307	38	60	11	56	46	22	50	16	44
308	39	60	11	56	46	22	50	16	44
309	40	60	11	56	46	22	50	16	44
310	41	60	11	56	46	22	50	16	44
311	42	60	11	56	46	22	50	16	44
312	43	60	11	56	46	22	50	16	44
313	44	60	11	56	46	22	50	16	44
314	45	60	11	56	46	22	50	16	44
315	46	60	11	56	46	22	50	16	44
316	47	60	11	56	46	22	50	16	44
317	48	60	11	56	46	22	50	16	44
318	49	60	11	56	46	22	50	16	44
319	50	60	11	56	46	22	50	16	44
320	51	60	11	56	46	22	50	16	44
321	52	60	11	56	46	22	50	16	44
322	53	60	11	56	46	22	50	16	44
323	54	60	11	56	46	22	50	16	44
324	55	60	11	56	46	22	50	16	44
325	56	60	11	56	46	22	50	16	44
326	57	60	11	56	46	22	50	16	44
327	58	60	11	56	46	22	50	16	44
328	59	60	11	56	46	22	50	16	44
329	60	60	11	56	46	22	50	16	44
330	61	60	11	56	46	22	50	16	44
331	62	60	11	56	46	22	50	16	44
332	63	60	11	56	46	22	50	16	44
333	64	60	11	56	46	22	50	16	44
334	65	60	11	56	46	22	50	16	44
335	66	60	11	56	46	22	50	16	44
336	67	60	11	56	46	22	50	16	44
337	68	60	11	56	46	22	50	16	44
338	69	60	11	56	46	22	50	16	44
339	70	60	11	56	46	22	50	16	44
340	71	60	11	56	46	22	50	16	44
341	72	60	11	56	46	22	50	16	44
342	73	60	11	56	46	22	50	16	44
343	74	60	11	56	46	22	50	16	44
344	75	60	11	56	46	22	50	16	44
345	76	60	11	56	46	22	50	16	44
346	77	60	11	56	46	22	50	16	44
347	78	60	11	56	46	22	50	16	44
348	79	60	11	56	46	22	50	16	44
349	80	60	11	56	46	22	50	16	44
350	81	60	11	56	46	22	50	16	44
351	82	60	11	56	46	22	50	16	44
352	83	60	11	56	46	22	50	16	44
353	84	60	11	56	46	22	50	16	44
354	85	60	11	56	46	22	50	16	44
355	86	60	11	56	46	22	50	16	44
356	87	60	11	56	46	22	50	16	44
357	88	60	11	56	46	22	50	16	44
358	89	60	11	56	46	22	50	16	44
359	90	60	11	56	46	22	50	16	44
360	91	60	11	56	46	22	50	16	44
361	92	60	11	56	46	22	50	16	44
362	93	60	11	56	46	22	50	16	44
363	94	60	11	56	46	22	50	16	44
364	95	60	11	56	46	22	50	16	44
365	96	60	11	56	46	22	50	16	44
366	97	60	11	56	46	22	50	16	44
367	98	60	11	56	46	22	50	16	44
368	99	60	11	56	46	22	50	16	44
369	100	60	11	56	46	22	50	16	44
# 1	369
################

# Stability threshold: 100
# Iteration threshold: 100
1
2
3
4
5
6
7
8
9
10
11
12
13
14
15
16
17
18
19
20
21
22
23
24
25
26
27
28
29
30
31
32
33
34
35
36
37
38
39
40
41
42
43
44
45
46
47
48
49
50
51
52
53
54
55
56
57
58
59
60
61
62
63
64
65
66
67
68
69
70
71
72
73
74
75
76
77
78
79
80
81
82
83
84
85
86
87
88
89
90
91
92
93
94
95
96
97
98
99
100	0	11	11	56	46	22	50	16	44
101	0	11	11	56	46	22	50	16	44
102	0	11	11	56	46	22	50	16	44
103	0	11	11	56	46	22	50	16	44
104	0	11	11	56	46	22	50	16	44
105	0	11	11	56	46	22	50	16	44
106	0	11	11	56	46	22	50	16	44
107	0	11	11	56	46	22	50	16	44
108	0	11	11	56	46	22	50	16	44
109	0	11	11	56	46	22	50	16	44
110	0	11	11	56	46	22	50	16	44
111	0	11	11	56	46	22	50	16	44
112	0	11	11	56	46	22	50	16	44
113	0	11	11	56	46	22	50	16	44
114	0	11	11	56	46	22	50	16	44
115	0	11	11	56	46	22	50	16	44
116	0	11	11	56	46	22	50	16	44
117	0	11	11	56	46	22	50	16	44
118	0	11	11	56	46	22	50	16	44
119	0	11	11	56	46	22	50	16	44
120	0	11	11	56	46	22	50	16	44
121	0	11	11	56	46	22	50	16	44
122	0	11	11	56	46	22	50	16	44
123	0	11	11	56	46	22	50	16	44
124	0	11	11	56	46	22	50	16	44
125	0	11	11	56	46	22	50	16	44
126	0	11	11	56	46	22	50	16	44
127	0	11	11	56	46	22	50	16	44
128	0	11	11	56	46	22	50	16	44
129	0	11	11	56	46	22	50	16	44
130	0	11	11	56	46	22	50	16	44
131	0	11	11	56	46	22	50	16	44
132	0	11	11	56	46	22	50	16	44
133	0	11	11	56	46	22	50	16	44
134	0	11	11	56	46	22	50	16	44
135	0	11	11	56	46	22	50	16	44
136	0	11	11	56	46	22	50	16	44
137	0	11	11	56	46	22	50	16	44
138	0	11	11	56	46	22	50	16	44
139	0	11	11	56	46	22	50	16	44
140	0	11	11	56	46	22	50	16	44
141	0	11	11	56	46	22	9	16	44
142	0	11	11	56	46	22	50	16	44
143	0	11	11	56	46	22	50	16	44
144	0	11	11	56	46	22	50	16	44
145	0	11	11	56	46	22	50	16	44
146	0	11	11	56	46	22	50	16	44
147	0	11	11	56	46	22	50	16	44
148	0	11	11	56	46	22	50	16	44
149	0	11	11	56	46	22	50	16	44
150	0	11	11	56	46	22	50	16	44
151	0	11	11	56	46	22	50	16	44
152	0	11	11	56	46	22	50	16	44
153	0	56	11	56	46	22	50	16	44
154	0	56	11	56	46	22	50	16	44
155	0	56	11	56	46	22	50	16	44
156	0	56	11	56	46	22	50	16	44
157	0	56	11	56	46	22	50	16	44
158	0	56	11	56	46	22	50	16	44
159	0	56	11	56	46	22	50	16	44
160	1	60	11	56	46	22	50	16	44
161	2	60	11	56	46	22	50	16	44
162	3	60	11	56	46	22	50	16	44
163	4	60	11	56	46	22	50	16	44
164	0	11	11	56	46	22	50	16	44
165	1	60	11	56	46	22	50	16	44
166	2	60	11	56	46	22	50	16	44
167	3	60	11	56	46	22	50	16	44
168	4	60	11	56	46	22	50	16	44
169	5	60	11	56	46	22	50	16	44
170	6	60	11	56	46	22	50	16	44
171	7	60	11	56	46	22	50	16	44
172	8	60	11	56	46	22	50	16	44
173	9	60	11	56	46	22	50	16	44
174	10	60	11	56	46	22	50	16	44
175	11	60	11	56	46	22	50	16	44
176	12	60	11	56	46	22	50	16	44
177	13	60	11	56	46	22	50	16	44
178	14	60	11	56	46	22	50	16	44
179	15	60	11	56	46	22	50	16	44
180	16	60	11	56	46	22	50	16	44
181	17	60	11	56	46	22	50	16	44
182	18	60	11	56	46	22	50	16	44
183	19	60	11	56	46	22	50	16	44
184	20	60	11	56	46	22	50	16	44
185	21	60	11	56	46	22	50	16	44
186	22	60	11	56	46	22	50	16	44
187	23	60	11	56	46	22	50	16	44
188	24	60	11	56	46	22	50	16	44
189	25	60	11	56	46	22	50	16	44
190	26	60	11	56	46	22	50	16	44
191	27	60	11	56	46	22	50	16	44
192	28	60	11	56	46	22	50	16	44
193	29	60	11	56	46	22	50	16	44
194	30	60	11	56	46	22	50	16	44
195	31	60	11	56	46	22	50	16	44
196	32	60	11	56	46	22	50	16	44
197	33	60	11	56	46	22	50	16	44
198	34	60	11	56	46	22	50	16	44
199	35	60	11	56	46	22	50	16	44
200	36	60	11	56	46	22	50	16	44
201	37	60	11	56	46	22	50	16	44
202	38	60	11	56	46	22	50	16	44
203	39	60	11	56	46	22	50	16	44
204	40	60	11	56	46	22	50	16	44
205	41	60	11	56	46	22	50	16	44
206	42	60	11	56	46	22	50	16	44
207	43	60	11	56	46	22	50	16	44
208	44	60	11	56	46	22	50	16	44
209	45	60	11	56	46	22	50	16	44
210	46	60	11	56	46	22	50	16	44
211	47	60	11	56	46	22	50	16	44
212	48	60	11	56	46	22	50	16	44
213	49	60	11	56	46	22	50	16	44
214	50	60	11	56	46	22	50	16	44
215	51	60	11	56	46	22	50	16	44
216	52	60	11	56	46	22	50	16	44
217	53	60	11	56	46	22	50	16	44
218	54	60	11	56	46	22	50	16	44
219	55	60	11	56	46	22	50	16	44
220	56	60	11	56	46	22	50	16	44
221	57	60	11	56	46	22	50	16	44
222	58	60	11	56	46	22	50	16	44
223	59	60	11	56	46	22	50	16	44
224	60	60	11	56	46	22	50	16	44
225	61	60	11	56	46	22	50	16	44
226	62	60	11	56	46	22	50	16	44
227	63	60	11	56	46	22	50	16	44
228	64	60	11	56	46	22	50	16	44
229	65	60	11	56	46	22	50	16	44
230	66	60	11	56	46	22	50	16	44
231	67	60	11	56	46	22	50	16	44
232	68	60	11	56	46	22	50	16	44
233	69	60	11	56	46	22	50	16	44
234	70	60	11	56	46	22	50	16	44
235	71	60	11	56	46	22	50	16	44
236	72	60	11	56	46	22	50	16	44
237	73	60	11	56	46	22	50	16	44
238	74	60	11	56	46	22	50	16	44
239	75	60	11	56	46	22	50	16	44
240	76	60	11	56	46	22	50	16	44
241	77	60	11	56	46	22	50	16	44
242	78	60	11	56	46	22	50	16	44
243	79	60	11	56	46	22	50	16	44
244	80	60	11	56	46	22	50	16	44
245	81	60	11	56	46	22	50	16	44
246	82	60	11	56	46	22	50	16	44
247	83	60	11	56	46	22	50	16	44
248	84	60	11	56	46	22	50	16	44
249	85	60	11	56	46	22	50	16	44
250	86	60	11	56	46	22	50	16	44
251	87	60	11	56	46	22	50	16	44
252	88	60	11	56	46	22	50	16	44
253	89	60	11	56	46	22	50	16	44
254	90	60	11	56	46	22	50	16	44
255	91	60	11	56	46	22	50	16	44
256	92	60	11	56	46	22	50	16	44
257	93	60	11	56	46	22	50	16	44
258	94	60	11	56	46	22	50	16	44
259	95	60	11	56	46	22	50	16	44
260	96	60	11	56	46	22	50	16	44
261	97	60	11	56	46	22	50	16	44
262	98	60	11	56	46	22	50	16	44
263	99	60	11	56	46	22	50	16	44
264	100	60	11	56	46	22	50	16	44
# 2	264
################

# Stability threshold: 100
# Iteration threshold: 100
1
2
3
4
5
6
7
8
9
10
11
12
13
14
15
16
17
18
19
20
21
22
23
24
25
26
27
28
29
30
31
32
33
34
35
36
37
38
39
40
41
42
43
44
45
46
47
48
49
50
51
52
53
54
55
56
57
58
59
60
61
62
63
64
65
66
67
68
69
70
71
72
73
74
75
76
77
78
79
80
81
82
83
84
85
86
87
88
89
90
91
92
93
94
95
96
97
98
99
100	0	21	11	56	2	22	50	7	44
101	0	21	11	56	2	22	50	7	44
102	0	21	11	56	2	22	50	7	44
103	0	21	11	56	2	22	50	7	44
104	0	21	11	56	2	22	50	7	44
105	0	41	11	56	2	22	50	7	44
106	0	41	11	56	2	1	50	7	44
107	0	41	11	56	2	1	50	7	44
108	0	41	11	56	2	1	50	7	44
109	0	41	11	56	46	1	50	7	44
110	0	41	11	56	46	30	50	7	44
111	0	41	11	56	2	30	50	7	44
112	0	41	11	56	2	1	50	7	44
113	0	41	11	56	2	1	50	7	44
114	0	41	11	56	2	1	50	7	44
115	0	29	11	56	2	1	50	7	44
116	0	29	11	56	2	1	50	7	44
117	0	29	11	56	2	1	50	7	44
118	0	29	11	56	2	1	50	7	44
119	0	29	11	56	2	1	50	7	44
120	0	29	11	56	2	1	50	7	44
121	0	29	11	56	2	1	50	7	44
122	0	41	11	56	2	1	50	7	44
123	0	41	11	56	2	1	50	7	44
124	0	41	11	56	57	1	50	7	44
125	0	41	11	56	2	1	50	7	44
126	0	41	11	56	46	1	50	7	44
127	0	33	11	56	46	1	50	7	44
128	0	33	11	56	46	1	50	7	44
129	0	33	11	56	46	1	50	7	44
130	0	33	11	56	46	1	50	7	44
131	0	33	11	56	46	1	50	7	44
132	0	33	11	56	46	1	50	7	44
133	0	33	11	56	46	1	50	7	44
134	0	33	11	56	46	1	50	7	44
135	0	33	11	56	46	1	50	7	44
136	0	33	11	56	46	1	50	7	44
137	0	33	11	56	46	1	50	7	44
138	0	33	11	56	46	1	50	7	10
139	0	33	11	56	46	1	50	7	10
140	0	33	11	56	46	1	34	7	10
141	0	33	11	56	46	1	34	7	10
142	0	33	11	56	46	1	34	7	10
143	0	33	11	56	46	1	34	7	10
144	0	33	11	56	46	22	34	7	10
145	0	33	11	56	46	22	34	7	10
146	0	33	11	56	46	22	34	7	10
147	0	33	11	56	46	22	34	7	10
148	0	33	11	56	46	22	34	7	10
149	0	33	11	56	46	22	34	7	10
150	0	33	11	56	46	22	34	7	10
151	0	33	11	56	46	22	34	7	10
152	0	33	11	56	46	22	34	7	10
153	0	33	11	56	46	22	34	7	10
154	0	33	11	56	46	22	34	7	10
155	0	33	11	56	46	22	34	7	10
156	0	33	11	56	46	22	34	7	10
157	0	33	11	56	46	22	34	7	10
158	0	33	11	56	46	22	34	7	10
159	0	33	11	56	46	22	34	7	10
160	0	33	11	56	46	22	34	7	10
161	0	33	11	56	46	22	50	7	10
162	0	33	11	56	46	22	50	7	10
163	0	33	11	56	46	22	50	7	10
164	0	33	11	56	46	22	50	7	44
165	0	60	11	56	46	22	34	7	44
166	0	60	11	56	46	22	34	7	44
167	0	60	11	56	46	22	50	7	44
168	0	60	11	56	46	22	50	7	44
169	0	60	11	56	46	22	50	7	44
170	0	60	11	56	46	22	50	7	44
171	0	60	11	56	46	22	50	7	44
172	0	60	11	56	46	22	50	7	44
173	0	60	11	56	46	22	50	7	44
174	0	60	11	56	46	22	50	7	44
175	0	60	11	56	46	22	50	7	44
176	1	60	11	56	46	22	50	16	44
177	2	60	11	56	46	22	50	16	44
178	3	60	11	56	46	22	50	16	44
179	0	60	11	56	46	22	50	22	44
180	1	60	11	56	46	22	50	16	44
181	2	60	11	56	46	22	50	16	44
182	3	60	11	56	46	22	50	16	44
183	4	60	11	56	46	22	50	16	44
184	5	60	11	56	46	22	50	16	44
185	6	60	11	56	46	22	50	16	44
186	7	60	11	56	46	22	50	16	44
187	8	60	11	56	46	22	50	16	44
188	9	60	11	56	46	22	50	16	44
189	10	60	11	56	46	22	50	16	44
190	11	60	11	56	46	22	50	16	44
191	12	60	11	56	46	22	50	16	44
192	13	60	11	56	46	22	50	16	44
193	14	60	11	56	46	22	50	16	44
194	15	60	11	56	46	22	50	16	44
195	16	60	11	56	46	22	50	16	44
196	17	60	11	56	46	22	50	16	44
197	18	60	11	56	46	22	50	16	44
198	19	60	11	56	46	22	50	16	44
199	20	60	11	56	46	22	50	16	44
200	21	60	11	56	46	22	50	16	44
201	22	60	11	56	46	22	50	16	44
202	23	60	11	56	46	22	50	16	44
203	24	60	11	56	46	22	50	16	44
204	25	60	11	56	46	22	50	16	44
205	26	60	11	56	46	22	50	16	44
206	27	60	11	56	46	22	50	16	44
207	28	60	11	56	46	22	50	16	44
208	29	60	11	56	46	22	50	16	44
209	30	60	11	56	46	22	50	16	44
210	31	60	11	56	46	22	50	16	44
211	0	60	11	56	46	22	34	16	44
212	1	60	11	56	46	22	50	16	44
213	2	60	11	56	46	22	50	16	44
214	3	60	11	56	46	22	50	16	44
215	4	60	11	56	46	22	50	16	44
216	5	60	11	56	46	22	50	16	44
217	6	60	11	56	46	22	50	16	44
218	7	60	11	56	46	22	50	16	44
219	8	60	11	56	46	22	50	16	44
220	9	60	11	56	46	22	50	16	44
221	10	60	11	56	46	22	50	16	44
222	11	60	11	56	46	22	50	16	44
223	12	60	11	56	46	22	50	16	44
224	13	60	11	56	46	22	50	16	44
225	14	60	11	56	46	22	50	16	44
226	15	60	11	56	46	22	50	16	44
227	16	60	11	56	46	22	50	16	44
228	17	60	11	56	46	22	50	16	44
229	18	60	11	56	46	22	50	16	44
230	19	60	11	56	46	22	50	16	44
231	20	60	11	56	46	22	50	16	44
232	21	60	11	56	46	22	50	16	44
233	22	60	11	56	46	22	50	16	44
234	23	60	11	56	46	22	50	16	44
235	24	60	11	56	46	22	50	16	44
236	25	60	11	56	46	22	50	16	44
237	26	60	11	56	46	22	50	16	44
238	27	60	11	56	46	22	50	16	44
239	28	60	11	56	46	22	50	16	44
240	29	60	11	56	46	22	50	16	44
241	30	60	11	56	46	22	50	16	44
242	31	60	11	56	46	22	50	16	44
243	32	60	11	56	46	22	50	16	44
244	33	60	11	56	46	22	50	16	44
245	34	60	11	56	46	22	50	16	44
246	35	60	11	56	46	22	50	16	44
247	36	60	11	56	46	22	50	16	44
248	37	60	11	56	46	22	50	16	44
249	38	60	11	56	46	22	50	16	44
250	39	60	11	56	46	22	50	16	44
251	40	60	11	56	46	22	50	16	44
252	41	60	11	56	46	22	50	16	44
253	42	60	11	56	46	22	50	16	44
254	43	60	11	56	46	22	50	16	44
255	44	60	11	56	46	22	50	16	44
256	45	60	11	56	46	22	50	16	44
257	46	60	11	56	46	22	50	16	44
258	47	60	11	56	46	22	50	16	44
259	48	60	11	56	46	22	50	16	44
260	49	60	11	56	46	22	50	16	44
261	50	60	11	56	46	22	50	16	44
262	51	60	11	56	46	22	50	16	44
263	52	60	11	56	46	22	50	16	44
264	53	60	11	56	46	22	50	16	44
265	54	60	11	56	46	22	50	16	44
266	55	60	11	56	46	22	50	16	44
267	56	60	11	56	46	22	50	16	44
268	57	60	11	56	46	22	50	16	44
269	58	60	11	56	46	22	50	16	44
270	59	60	11	56	46	22	50	16	44
271	60	60	11	56	46	22	50	16	44
272	61	60	11	56	46	22	50	16	44
273	62	60	11	56	46	22	50	16	44
274	63	60	11	56	46	22	50	16	44
275	64	60	11	56	46	22	50	16	44
276	65	60	11	56	46	22	50	16	44
277	66	60	11	56	46	22	50	16	44
278	67	60	11	56	46	22	50	16	44
279	68	60	11	56	46	22	50	16	44
280	69	60	11	56	46	22	50	16	44
281	70	60	11	56	46	22	50	16	44
282	71	60	11	56	46	22	50	16	44
283	72	60	11	56	46	22	50	16	44
284	73	60	11	56	46	22	50	16	44
285	74	60	11	56	46	22	50	16	44
286	75	60	11	56	46	22	50	16	44
287	76	60	11	56	46	22	50	16	44
288	77	60	11	56	46	22	50	16	44
289	78	60	11	56	46	22	50	16	44
290	79	60	11	56	46	22	50	16	44
291	80	60	11	56	46	22	50	16	44
292	81	60	11	56	46	22	50	16	44
293	82	60	11	56	46	22	50	16	44
294	83	60	11	56	46	22	50	16	44
295	84	60	11	56	46	22	50	16	44
296	85	60	11	56	46	22	50	16	44
297	86	60	11	56	46	22	50	16	44
298	87	60	11	56	46	22	50	16	44
299	88	60	11	56	46	22	50	16	44
300	89	60	11	56	46	22	50	16	44
301	90	60	11	56	46	22	50	16	44
302	91	60	11	56	46	22	50	16	44
303	92	60	11	56	46	22	50	16	44
304	93	60	11	56	46	22	50	16	44
305	94	60	11	56	46	22	50	16	44
306	95	60	11	56	46	22	50	16	44
307	96	60	11	56	46	22	50	16	44
308	97	60	11	56	46	22	50	16	44
309	98	60	11	56	46	22	50	16	44
310	99	60	11	56	46	22	50	16	44
311	100	60	11	56	46	22	50	16	44
# 3	311
################

# Stability threshold: 100
# Iteration threshold: 100
1
2
3
4
5
6
7
8
9
10
11
12
13
14
15
16
17
18
19
20
21
22
23
24
25
26
27
28
29
30
31
32
33
34
35
36
37
38
39
40
41
42
43
44
45
46
47
48
49
50
51
52
53
54
55
56
57
58
59
60
61
62
63
64
65
66
67
68
69
70
71
72
73
74
75
76
77
78
79
80
81
82
83
84
85
86
87
88
89
90
91
92
93
94
95
96
97
98
99
100	0	60	11	9	46	22	29	52	44
101	0	19	11	9	46	54	29	35	44
102	0	19	11	9	46	54	29	35	44
103	0	19	11	9	46	54	29	35	44
104	0	19	11	9	46	54	29	35	44
105	0	60	11	9	46	22	29	52	44
106	0	60	11	9	46	22	29	7	44
107	0	60	63	9	46	54	29	7	44
108	0	60	7	9	46	41	29	7	44
109	0	60	11	9	46	41	29	7	44
110	0	19	7	9	46	22	29	7	44
111	0	60	63	9	46	54	29	7	44
112	0	60	63	9	46	54	29	7	44
113	0	60	63	9	46	54	29	7	44
114	0	60	63	9	46	54	29	7	44
115	0	34	63	9	46	22	29	7	44
116	0	34	63	9	46	22	29	7	44
117	0	34	63	9	46	22	29	7	44
118	0	34	63	9	46	22	29	7	44
119	0	34	7	9	46	22	29	7	44
120	0	34	7	9	46	22	29	7	44
121	0	34	7	9	46	22	29	7	44
122	0	34	7	9	46	22	29	7	44
123	0	34	7	9	46	22	29	7	44
124	0	34	7	9	46	22	29	7	44
125	0	34	7	9	46	22	29	7	44
126	0	34	7	9	46	22	29	7	44
127	0	34	11	9	46	22	29	11	44
128	0	34	24	9	46	22	29	11	44
129	0	34	24	9	46	22	29	11	44
130	0	60	24	9	46	22	29	11	44
131	0	60	24	9	46	22	29	11	44
132	0	60	24	9	46	22	29	11	44
133	0	60	24	9	46	22	29	11	44
134	0	60	24	9	46	22	50	11	44
135	0	60	24	9	46	22	50	11	44
136	0	34	24	9	46	22	50	11	44
137	0	34	24	9	46	22	50	11	44
138	0	50	24	9	46	22	50	11	44
139	0	50	24	9	46	22	50	11	44
140	0	50	24	9	46	22	50	11	44
141	0	60	24	9	46	22	50	11	44
142	0	50	24	9	46	22	50	11	44
143	0	50	24	9	46	22	50	11	44
144	0	50	24	9	46	22	50	11	44
145	0	60	27	9	46	22	50	11	44
146	0	60	27	9	46	22	50	11	44
147	0	60	27	9	46	22	50	11	44
148	0	34	27	9	46	22	50	11	44
149	0	60	27	9	46	22	50	11	44
150	0	60	27	9	46	22	50	11	44
151	0	60	27	9	46	22	50	11	44
152	0	60	27	9	46	22	50	11	44
153	0	34	27	9	46	22	50	11	44
154	0	60	27	9	46	22	50	11	44
155	0	60	27	9	46	22	50	11	44
156	0	50	27	56	46	22	50	11	44
157	0	50	27	56	46	22	50	11	44
158	0	50	27	56	46	22	50	11	44
159	0	60	27	56	46	22	50	11	44
160	0	60	27	56	46	22	50	11	44
161	0	60	27	56	46	22	50	11	44
162	0	60	52	56	46	22	50	11	44
163	0	60	52	56	46	22	50	11	44
164	0	50	52	56	46	22	50	11	44
165	0	50	52	56	46	22	50	11	44
166	0	50	52	56	46	22	50	7	44
167	0	60	52	56	46	22	50	11	44
168	0	60	52	56	46	22	50	11	44
169	0	60	52	56	46	22	50	11	44
170	0	60	52	56	46	22	50	11	44
171	0	60	52	56	46	22	50	11	44
172	0	60	52	56	46	22	50	11	44
173	0	60	52	56	46	22	50	7	44
174	0	60	52	56	46	22	50	11	44
175	0	60	52	56	46	22	50	11	44
176	0	60	52	56	46	22	50	11	44
177	0	60	27	56	46	22	50	11	44
178	0	60	52	56	46	22	50	11	44
179	0	60	52	56	46	22	50	11	44
180	0	39	52	56	46	22	50	11	44
181	0	60	52	56	46	22	50	48	44
182	0	60	52	56	46	22	50	7	44
183	0	60	52	56	46	22	50	7	44
184	0	60	52	56	46	22	50	7	44
185	0	60	52	56	46	22	50	7	44
186	0	60	52	56	46	22	50	7	44
187	0	60	52	56	46	22	50	7	44
188	0	60	52	56	46	22	50	7	44
189	0	60	52	56	46	22	50	7	44
190	0	60	52	56	46	22	50	7	44
191	0	60	52	56	46	22	50	7	44
192	0	60	63	56	46	22	50	7	44
193	0	60	63	56	46	22	50	33	44
194	0	60	63	56	46	22	50	7	44
195	0	60	7	9	46	22	50	44	44
196	0	60	11	9	46	22	50	48	44
197	0	60	11	9	46	22	50	48	44
198	0	60	11	9	46	22	50	48	44
199	0	60	11	9	46	22	50	48	44
200	0	60	11	9	46	22	50	48	44
201	0	60	27	9	46	22	50	48	44
202	0	60	11	9	46	22	50	48	44
203	0	60	27	9	46	22	50	48	44
204	0	60	11	9	46	22	50	48	44
205	0	60	11	35	46	22	50	44	44
206	0	60	11	35	46	22	50	44	44
207	0	60	11	9	46	22	50	44	44
208	0	60	11	9	46	22	50	44	44
209	0	60	11	9	46	22	50	44	44
210	0	60	11	9	46	22	50	48	44
211	0	60	11	9	46	22	50	48	44
212	0	60	11	9	46	22	50	44	44
213	0	60	11	56	46	22	50	44	44
214	0	60	11	9	46	22	50	48	44
215	0	60	11	56	46	22	50	48	44
216	0	60	11	56	46	22	50	48	44
217	0	60	11	56	46	22	50	48	44
218	0	60	11	56	46	22	50	48	44
219	0	60	11	56	46	22	50	48	44
220	0	60	11	56	46	22	50	48	44
221	0	60	11	56	46	22	50	48	44
222	0	60	11	56	46	22	50	48	44
223	0	60	11	56	46	22	50	48	44
224	0	60	11	56	46	22	50	48	44
225	0	60	11	56	46	22	50	48	44
226	0	60	11	56	46	22	50	48	44
227	0	60	11	56	46	22	50	48	44
228	0	60	11	56	46	22	50	48	44
229	0	60	11	56	46	22	50	48	44
230	0	60	11	56	46	22	50	48	44
231	0	60	11	56	46	22	50	46	44
232	0	60	11	56	46	22	50	48	44
233	0	60	11	56	46	22	50	46	44
234	0	60	11	56	46	22	50	46	44
235	0	60	11	56	46	22	50	52	44
236	0	60	11	56	46	22	50	52	44
237	0	60	11	56	46	22	50	30	44
238	0	60	11	56	46	22	50	30	44
239	0	60	11	56	46	22	50	30	44
240	0	60	11	56	46	22	50	52	44
241	0	60	11	56	46	22	50	52	44
242	0	60	11	56	46	22	50	52	44
243	0	60	11	56	46	22	50	52	44
244	0	60	11	56	46	22	50	52	44
245	0	60	11	56	46	22	50	52	44
246	0	60	11	56	46	22	50	52	44
247	0	60	11	56	46	22	50	52	44
248	0	60	11	56	46	22	50	52	44
249	0	60	11	56	46	22	50	52	44
250	0	60	11	56	46	22	50	52	44
251	0	60	11	56	46	22	50	52	44
252	0	60	11	56	46	22	50	52	44
253	0	60	11	56	46	22	50	52	44
254	0	60	11	56	46	22	50	52	44
255	0	60	11	50	46	22	50	52	44
256	0	60	11	50	46	22	50	52	44
257	0	60	11	50	46	22	50	52	44
258	0	60	11	50	46	22	50	52	44
259	0	60	11	50	46	22	50	52	44
260	0	60	11	50	46	22	50	52	44
261	0	60	11	50	46	22	50	52	44
262	0	60	11	50	46	22	50	52	44
263	0	60	11	56	46	22	50	52	44
264	0	60	11	50	46	22	50	52	44
265	0	60	11	56	46	22	50	52	44
266	0	60	11	56	46	22	50	52	44
267	0	60	11	56	46	22	50	52	44
268	0	60	11	56	46	22	50	52	44
269	0	60	11	56	46	22	50	52	44
270	0	60	11	56	46	22	50	52	44
271	0	60	11	56	46	22	50	52	44
272	0	60	11	56	46	22	50	52	44
273	0	60	11	56	46	22	50	52	44
274	0	60	11	56	46	22	50	52	44
275	0	60	11	56	46	22	50	52	44
276	0	60	11	56	46	22	50	52	44
277	0	60	11	56	46	22	50	52	44
278	0	60	11	56	46	22	50	52	44
279	0	60	11	56	46	22	50	52	44
280	0	60	11	56	46	22	50	52	44
281	0	60	11	56	46	22	50	52	44
282	0	60	11	56	46	22	50	52	44
283	0	60	11	56	46	22	50	52	44
284	0	60	11	56	46	22	50	52	44
285	0	60	11	56	46	22	50	52	44
286	0	60	11	56	46	22	50	52	44
287	0	60	11	56	46	22	50	52	44
288	0	60	11	56	46	22	50	52	44
289	0	60	11	56	46	22	50	52	44
290	0	60	11	56	46	22	50	52	44
291	0	60	11	56	46	22	50	52	44
292	0	60	11	56	46	22	50	52	44
293	0	60	11	56	46	22	50	52	44
294	1	60	11	56	46	22	50	16	44
295	2	60	11	56	46	22	50	16	44
296	3	60	11	56	46	22	50	16	44
297	4	60	11	56	46	22	50	16	44
298	5	60	11	56	46	22	50	16	44
299	6	60	11	56	46	22	50	16	44
300	7	60	11	56	46	22	50	16	44
301	8	60	11	56	46	22	50	16	44
302	9	60	11	56	46	22	50	16	44
303	10	60	11	56	46	22	50	16	44
304	11	60	11	56	46	22	50	16	44
305	12	60	11	56	46	22	50	16	44
306	13	60	11	56	46	22	50	16	44
307	14	60	11	56	46	22	50	16	44
308	15	60	11	56	46	22	50	16	44
309	16	60	11	56	46	22	50	16	44
310	17	60	11	56	46	22	50	16	44
311	18	60	11	56	46	22	50	16	44
312	0	60	11	56	46	22	50	6	44
313	0	60	11	56	46	22	50	6	44
314	0	60	11	56	46	22	50	6	44
315	0	60	11	56	46	22	50	6	44
316	0	60	11	56	46	22	50	6	44
317	0	60	11	56	46	22	50	6	44
318	0	60	11	56	46	22	50	6	44
319	0	60	11	56	46	22	50	6	44
320	0	60	11	56	46	22	50	6	44
321	0	60	11	56	46	22	50	6	44
322	0	60	11	56	46	22	50	6	44
323	0	60	11	56	46	22	50	6	44
324	0	60	11	56	46	22	50	6	44
325	0	60	11	56	46	22	50	6	44
326	0	60	11	56	46	22	50	6	44
327	0	60	11	56	46	22	50	6	44
328	0	60	11	56	46	22	50	6	44
329	1	60	11	56	46	22	50	16	44
330	0	60	11	56	46	22	50	6	44
331	0	60	11	56	46	22	50	6	44
332	0	60	11	56	46	22	50	6	44
333	0	60	11	56	46	22	50	6	44
334	0	60	11	56	46	22	50	6	44
335	0	60	11	56	46	22	50	6	44
336	0	60	11	56	46	22	50	6	44
337	0	60	11	56	46	22	50	6	44
338	0	60	11	56	46	22	50	6	44
339	0	60	11	56	46	22	50	6	44
340	0	60	11	56	46	22	50	6	44
341	0	60	11	56	46	22	50	6	44
342	0	60	11	56	46	22	50	6	44
343	0	60	11	56	46	22	50	6	44
344	0	60	11	56	46	22	50	6	44
345	0	60	11	56	46	22	50	6	44
346	0	60	11	56	46	22	50	6	44
347	1	60	11	56	46	22	50	16	44
348	2	60	11	56	46	22	50	16	44
349	0	60	11	56	46	22	50	6	44
350	0	60	11	56	46	22	50	6	44
351	0	60	11	56	46	22	50	6	44
352	0	60	11	56	46	22	50	6	44
353	0	60	11	56	46	22	50	6	44
354	0	60	11	56	46	22	50	6	44
355	0	60	11	56	46	22	50	6	44
356	0	60	11	56	46	22	50	6	44
357	0	60	11	56	46	22	50	6	44
358	0	60	11	56	46	22	50	6	44
359	1	60	11	56	46	22	50	16	44
360	2	60	11	56	46	22	50	16	44
361	0	60	11	56	46	22	50	6	44
362	0	60	11	56	46	22	50	6	44
363	0	60	11	56	46	22	50	6	44
364	0	60	11	56	46	22	50	6	44
365	1	60	11	56	46	22	50	16	44
366	2	60	11	56	46	22	50	16	44
367	3	60	11	56	46	22	50	16	44
368	4	60	11	56	46	22	50	16	44
369	5	60	11	56	46	22	50	16	44
370	6	60	11	56	46	22	50	16	44
371	7	60	11	56	46	22	50	16	44
372	8	60	11	56	46	22	50	16	44
373	9	60	11	56	46	22	50	16	44
374	10	60	11	56	46	22	50	16	44
375	11	60	11	56	46	22	50	16	44
376	12	60	11	56	46	22	50	16	44
377	13	60	11	56	46	22	50	16	44
378	14	60	11	56	46	22	50	16	44
379	15	60	11	56	46	22	50	16	44
380	16	60	11	56	46	22	50	16	44
381	17	60	11	56	46	22	50	16	44
382	18	60	11	56	46	22	50	16	44
383	19	60	11	56	46	22	50	16	44
384	20	60	11	56	46	22	50	16	44
385	21	60	11	56	46	22	50	16	44
386	22	60	11	56	46	22	50	16	44
387	23	60	11	56	46	22	50	16	44
388	24	60	11	56	46	22	50	16	44
389	25	60	11	56	46	22	50	16	44
390	26	60	11	56	46	22	50	16	44
391	27	60	11	56	46	22	50	16	44
392	28	60	11	56	46	22	50	16	44
393	29	60	11	56	46	22	50	16	44
394	30	60	11	56	46	22	50	16	44
395	31	60	11	56	46	22	50	16	44
396	32	60	11	56	46	22	50	16	44
397	33	60	11	56	46	22	50	16	44
398	34	60	11	56	46	22	50	16	44
399	35	60	11	56	46	22	50	16	44
400	36	60	11	56	46	22	50	16	44
401	37	60	11	56	46	22	50	16	44
402	38	60	11	56	46	22	50	16	44
403	39	60	11	56	46	22	50	16	44
404	40	60	11	56	46	22	50	16	44
405	41	60	11	56	46	22	50	16	44
406	42	60	11	56	46	22	50	16	44
407	43	60	11	56	46	22	50	16	44
408	44	60	11	56	46	22	50	16	44
409	45	60	11	56	46	22	50	16	44
410	46	60	11	56	46	22	50	16	44
411	47	60	11	56	46	22	50	16	44
412	48	60	11	56	46	22	50	16	44
413	49	60	11	56	46	22	50	16	44
414	50	60	11	56	46	22	50	16	44
415	51	60	11	56	46	22	50	16	44
416	52	60	11	56	46	22	50	16	44
417	53	60	11	56	46	22	50	16	44
418	54	60	11	56	46	22	50	16	44
419	55	60	11	56	46	22	50	16	44
420	56	60	11	56	46	22	50	16	44
421	57	60	11	56	46	22	50	16	44
422	58	60	11	56	46	22	50	16	44
423	59	60	11	56	46	22	50	16	44
424	60	60	11	56	46	22	50	16	44
425	61	60	11	56	46	22	50	16	44
426	62	60	11	56	46	22	50	16	44
427	63	60	11	56	46	22	50	16	44
428	64	60	11	56	46	22	50	16	44
429	65	60	11	56	46	22	50	16	44
430	66	60	11	56	46	22	50	16	44
431	67	60	11	56	46	22	50	16	44
432	68	60	11	56	46	22	50	16	44
433	69	60	11	56	46	22	50	16	44
434	70	60	11	56	46	22	50	16	44
435	71	60	11	56	46	22	50	16	44
436	72	60	11	56	46	22	50	16	44
437	73	60	11	56	46	22	50	16	44
438	74	60	11	56	46	22	50	16	44
439	75	60	11	56	46	22	50	16	44
440	76	60	11	56	46	22	50	16	44
441	77	60	11	56	46	22	50	16	44
442	78	60	11	56	46	22	50	16	44
443	79	60	11	56	46	22	50	16	44
444	80	60	11	56	46	22	50	16	44
445	81	60	11	56	46	22	50	16	44
446	82	60	11	56	46	22	50	16	44
447	83	60	11	56	46	22	50	16	44
448	84	60	11	56	46	22	50	16	44
449	85	60	11	56	46	22	50	16	44
450	86	60	11	56	46	22	50	16	44
451	87	60	11	56	46	22	50	16	44
452	88	60	11	56	46	22	50	16	44
453	89	60	11	56	46	22	50	16	44
454	90	60	11	56	46	22	50	16	44
455	91	60	11	56	46	22	50	16	44
456	92	60	11	56	46	22	50	16	44
457	93	60	11	56	46	22	50	16	44
458	94	60	11	56	46	22	50	16	44
459	95	60	11	56	46	22	50	16	44
460	96	60	11	56	46	22	50	16	44
461	97	60	11	56	46	22	50	16	44
462	98	60	11	56	46	22	50	16	44
463	99	60	11	56	46	22	50	16	44
464	100	60	11	56	46	22	50	16	44
# 4	464
################

# Stability threshold: 100
# Iteration threshold: 100
1
2
3
4
5
6
7
8
9
10
11
12
13
14
15
16
17
18
19
20
21
22
23
24
25
26
27
28
29
30
31
32
33
34
35
36
37
38
39
40
41
42
43
44
45
46
47
48
49
50
51
52
53
54
55
56
57
58
59
60
61
62
63
64
65
66
67
68
69
70
71
72
73
74
75
76
77
78
79
80
81
82
83
84
85
86
87
88
89
90
91
92
93
94
95
96
97
98
99
100	0	52	38	56	46	23	50	60	44
101	0	51	38	56	46	23	50	60	44
102	0	51	38	56	46	23	50	60	44
103	0	52	38	56	46	23	50	60	44
104	0	52	38	56	46	23	50	60	44
105	0	52	38	56	46	23	50	60	44
106	0	52	38	56	46	23	50	39	44
107	0	52	38	56	46	23	50	60	44
108	0	52	38	56	46	23	50	39	44
109	0	52	3	56	46	23	50	39	44
110	0	52	3	56	46	23	50	60	44
111	0	51	3	56	46	23	50	60	44
112	0	51	3	56	46	23	50	60	44
113	0	51	3	56	46	23	50	60	44
114	0	51	3	56	46	23	50	60	44
115	0	51	3	56	46	23	50	60	44
116	0	51	3	56	46	23	50	60	44
117	0	60	38	56	46	23	50	60	44
118	0	60	38	56	46	23	50	60	44
119	0	24	3	56	46	23	50	60	44
120	0	24	3	56	46	23	57	60	44
121	0	24	3	56	46	23	57	60	44
122	0	24	3	56	46	23	57	60	44
123	0	24	3	56	46	23	57	60	44
124	0	24	3	56	46	23	57	60	44
125	0	51	3	56	46	23	57	60	44
126	0	51	3	56	46	23	50	60	44
127	0	54	3	56	46	23	57	60	44
128	0	54	3	56	46	23	57	60	44
129	0	54	3	56	46	23	57	60	44
130	0	60	3	56	46	23	50	60	44
131	0	54	3	56	46	23	50	60	44
132	0	51	3	56	46	23	50	60	44
133	0	54	3	56	46	23	50	60	44
134	0	60	11	56	46	23	50	60	44
135	0	60	11	56	46	23	50	60	44
136	0	60	11	56	46	23	50	60	44
137	0	60	11	56	46	23	50	60	44
138	0	60	11	56	46	23	50	60	44
139	0	60	11	56	46	23	50	60	44
140	0	60	11	56	46	23	50	60	44
141	0	60	11	56	46	23	50	60	44
142	0	60	11	56	46	23	50	60	44
143	0	60	11	56	46	23	50	60	44
144	0	60	11	56	46	23	50	60	44
145	0	60	11	56	46	23	50	60	44
146	0	60	11	56	46	23	50	60	44
147	0	60	11	56	46	23	50	60	44
148	0	60	11	56	46	23	50	60	44
149	0	60	11	56	46	23	50	60	44
150	0	60	11	56	46	23	50	60	44
151	0	60	11	56	46	23	50	60	44
152	0	60	11	56	46	23	50	60	44
153	0	60	11	56	46	22	50	60	44
154	0	60	11	56	46	22	50	60	44
155	0	60	11	56	46	23	50	60	44
156	0	60	35	56	46	23	50	60	44
157	0	60	35	56	46	23	50	60	44
158	0	60	3	56	46	22	50	60	44
159	0	60	3	56	46	22	50	60	44
160	0	60	3	56	46	22	50	60	44
161	0	60	3	56	46	22	50	60	44
162	0	60	3	56	46	22	50	60	44
163	0	60	3	56	46	22	50	16	44
164	1	60	11	56	46	22	50	16	44
165	2	60	11	56	46	22	50	16	44
166	0	60	11	56	46	22	50	60	44
167	0	60	11	56	46	22	50	60	44
168	0	60	11	56	46	22	50	60	44
169	1	60	11	56	46	22	50	16	44
170	2	60	11	56	46	22	50	16	44
171	3	60	11	56	46	22	50	16	44
172	4	60	11	56	46	22	50	16	44
173	5	60	11	56	46	22	50	16	44
174	6	60	11	56	46	22	50	16	44
175	7	60	11	56	46	22	50	16	44
176	8	60	11	56	46	22	50	16	44
177	9	60	11	56	46	22	50	16	44
178	10	60	11	56	46	22	50	16	44
179	11	60	11	56	46	22	50	16	44
180	12	60	11	56	46	22	50	16	44
181	13	60	11	56	46	22	50	16	44
182	14	60	11	56	46	22	50	16	44
183	15	60	11	56	46	22	50	16	44
184	16	60	11	56	46	22	50	16	44
185	17	60	11	56	46	22	50	16	44
186	18	60	11	56	46	22	50	16	44
187	0	60	54	56	46	22	50	16	44
188	0	60	54	56	46	22	50	16	44
189	0	60	54	56	46	22	50	16	44
190	1	60	11	56	46	22	50	16	44
191	2	60	11	56	46	22	50	16	44
192	3	60	11	56	46	22	50	16	44
193	4	60	11	56	46	22	50	16	44
194	5	60	11	56	46	22	50	16	44
195	6	60	11	56	46	22	50	16	44
196	0	60	11	56	46	22	50	60	44
197	0	60	11	56	46	22	50	60	44
198	0	60	11	56	46	22	50	60	44
199	0	60	11	56	46	22	50	60	44
200	0	60	11	56	46	22	50	60	44
201	0	60	11	56	46	22	50	60	44
202	1	60	11	56	46	22	50	16	44
203	0	60	49	56	46	22	50	16	44
204	1	60	11	56	46	22	50	16	44
205	2	60	11	56	46	22	50	16	44
206	3	60	11	56	46	22	50	16	44
207	4	60	11	56	46	22	50	16	44
208	5	60	11	56	46	22	50	16	44
209	6	60	11	56	46	22	50	16	44
210	7	60	11	56	46	22	50	16	44
211	8	60	11	56	46	22	50	16	44
212	9	60	11	56	46	22	50	16	44
213	10	60	11	56	46	22	50	16	44
214	11	60	11	56	46	22	50	16	44
215	12	60	11	56	46	22	50	16	44
216	13	60	11	56	46	22	50	16	44
217	14	60	11	56	46	22	50	16	44
218	15	60	11	56	46	22	50	16	44
219	16	60	11	56	46	22	50	16	44
220	17	60	11	56	46	22	50	16	44
221	0	60	11	56	46	22	50	42	44
222	0	60	11	56	46	22	50	42	44
223	0	60	11	56	46	22	50	42	44
224	0	60	11	56	46	22	50	60	44
225	1	60	11	56	46	22	50	16	44
226	2	60	11	56	46	22	50	16	44
227	3	60	11	56	46	22	50	16	44
228	4	60	11	56	46	22	50	16	44
229	5	60	11	56	46	22	50	16	44
230	6	60	11	56	46	22	50	16	44
231	0	60	11	56	46	22	50	60	44
232	0	60	11	56	46	22	50	60	44
233	1	60	11	56	46	22	50	16	44
234	2	60	11	56	46	22	50	16	44
235	3	60	11	56	46	22	50	16	44
236	0	60	11	56	46	22	50	60	44
237	1	60	11	56	46	22	50	16	44
238	2	60	11	56	46	22	50	16	44
239	3	60	11	56	46	22	50	16	44
240	4	60	11	56	46	22	50	16	44
241	5	60	11	56	46	22	50	16	44
242	6	60	11	56	46	22	50	16	44
243	7	60	11	56	46	22	50	16	44
244	8	60	11	56	46	22	50	16	44
245	9	60	11	56	46	22	50	16	44
246	10	60	11	56	46	22	50	16	44
247	0	60	38	56	46	22	50	16	44
248	0	60	38	56	46	22	50	16	44
249	0	60	38	56	46	22	50	16	44
250	0	60	38	56	46	22	50	16	44
251	0	60	38	56	46	22	50	16	44
252	0	60	38	56	46	22	50	16	44
253	0	60	38	56	46	22	50	16	44
254	1	60	11	56	46	22	50	16	44
255	2	60	11	56	46	22	50	16	44
256	3	60	11	56	46	22	50	16	44
257	4	60	11	56	46	22	50	16	44
258	5	60	11	56	46	22	50	16	44
259	6	60	11	56	46	22	50	16	44
260	7	60	11	56	46	22	50	16	44
261	8	60	11	56	46	22	50	16	44
262	9	60	11	56	46	22	50	16	44
263	10	60	11	56	46	22	50	16	44
264	11	60	11	56	46	22	50	16	44
265	12	60	11	56	46	22	50	16	44
266	13	60	11	56	46	22	50	16	44
267	14	60	11	56	46	22	50	16	44
268	15	60	11	56	46	22	50	16	44
269	16	60	11	56	46	22	50	16	44
270	17	60	11	56	46	22	50	16	44
271	18	60	11	56	46	22	50	16	44
272	19	60	11	56	46	22	50	16	44
273	20	60	11	56	46	22	50	16	44
274	21	60	11	56	46	22	50	16	44
275	22	60	11	56	46	22	50	16	44
276	23	60	11	56	46	22	50	16	44
277	24	60	11	56	46	22	50	16	44
278	25	60	11	56	46	22	50	16	44
279	26	60	11	56	46	22	50	16	44
280	27	60	11	56	46	22	50	16	44
281	28	60	11	56	46	22	50	16	44
282	29	60	11	56	46	22	50	16	44
283	30	60	11	56	46	22	50	16	44
284	31	60	11	56	46	22	50	16	44
285	32	60	11	56	46	22	50	16	44
286	33	60	11	56	46	22	50	16	44
287	34	60	11	56	46	22	50	16	44
288	35	60	11	56	46	22	50	16	44
289	36	60	11	56	46	22	50	16	44
290	37	60	11	56	46	22	50	16	44
291	38	60	11	56	46	22	50	16	44
292	39	60	11	56	46	22	50	16	44
293	40	60	11	56	46	22	50	16	44
294	41	60	11	56	46	22	50	16	44
295	42	60	11	56	46	22	50	16	44
296	43	60	11	56	46	22	50	16	44
297	44	60	11	56	46	22	50	16	44
298	45	60	11	56	46	22	50	16	44
299	46	60	11	56	46	22	50	16	44
300	47	60	11	56	46	22	50	16	44
301	48	60	11	56	46	22	50	16	44
302	49	60	11	56	46	22	50	16	44
303	50	60	11	56	46	22	50	16	44
304	51	60	11	56	46	22	50	16	44
305	52	60	11	56	46	22	50	16	44
306	53	60	11	56	46	22	50	16	44
307	54	60	11	56	46	22	50	16	44
308	55	60	11	56	46	22	50	16	44
309	56	60	11	56	46	22	50	16	44
310	57	60	11	56	46	22	50	16	44
311	58	60	11	56	46	22	50	16	44
312	59	60	11	56	46	22	50	16	44
313	60	60	11	56	46	22	50	16	44
314	61	60	11	56	46	22	50	16	44
315	62	60	11	56	46	22	50	16	44
316	63	60	11	56	46	22	50	16	44
317	64	60	11	56	46	22	50	16	44
318	65	60	11	56	46	22	50	16	44
319	66	60	11	56	46	22	50	16	44
320	67	60	11	56	46	22	50	16	44
321	68	60	11	56	46	22	50	16	44
322	69	60	11	56	46	22	50	16	44
323	70	60	11	56	46	22	50	16	44
324	71	60	11	56	46	22	50	16	44
325	72	60	11	56	46	22	50	16	44
326	73	60	11	56	46	22	50	16	44
327	74	60	11	56	46	22	50	16	44
328	75	60	11	56	46	22	50	16	44
329	76	60	11	56	46	22	50	16	44
330	77	60	11	56	46	22	50	16	44
331	78	60	11	56	46	22	50	16	44
332	79	60	11	56	46	22	50	16	44
333	80	60	11	56	46	22	50	16	44
334	81	60	11	56	46	22	50	16	44
335	82	60	11	56	46	22	50	16	44
336	83	60	11	56	46	22	50	16	44
337	84	60	11	56	46	22	50	16	44
338	85	60	11	56	46	22	50	16	44
339	86	60	11	56	46	22	50	16	44
340	87	60	11	56	46	22	50	16	44
341	88	60	11	56	46	22	50	16	44
342	89	60	11	56	46	22	50	16	44
343	90	60	11	56	46	22	50	16	44
344	91	60	11	56	46	22	50	16	44
345	92	60	11	56	46	22	50	16	44
346	93	60	11	56	46	22	50	16	44
347	94	60	11	56	46	22	50	16	44
348	95	60	11	56	46	22	50	16	44
349	96	60	11	56	46	22	50	16	44
350	97	60	11	56	46	22	50	16	44
351	98	60	11	56	46	22	50	16	44
352	99	60	11	56	46	22	50	16	44
353	100	60	11	56	46	22	50	16	44
# 5	353
################

# Stability threshold: 100
# Iteration threshold: 100
1
2
3
4
5
6
7
8
9
10
11
12
13
14
15
16
17
18
19
20
21
22
23
24
25
26
27
28
29
30
31
32
33
34
35
36
37
38
39
40
41
42
43
44
45
46
47
48
49
50
51
52
53
54
55
56
57
58
59
60
61
62
63
64
65
66
67
68
69
70
71
72
73
74
75
76
77
78
79
80
81
82
83
84
85
86
87
88
89
90
91
92
93
94
95
96
97
98
99
100	0	60	11	50	46	22	50	16	48
101	0	60	11	19	46	22	50	16	48
102	0	60	11	19	46	22	50	16	48
103	0	60	11	19	46	22	50	16	48
104	0	60	11	19	46	22	59	16	48
105	0	60	11	19	46	22	50	16	48
106	0	60	11	19	46	22	50	16	48
107	0	60	11	50	3	22	50	16	48
108	0	60	11	50	46	22	50	16	48
109	0	60	11	50	46	22	50	16	48
110	0	60	11	50	46	22	50	16	48
111	0	60	11	50	46	22	50	16	48
112	0	60	11	50	46	22	50	16	48
113	0	60	11	50	46	22	50	16	48
114	0	60	11	50	7	22	50	16	48
115	0	60	11	50	46	22	50	16	48
116	0	60	11	50	46	22	50	16	48
117	0	60	11	50	46	22	50	16	48
118	0	60	11	50	46	22	50	16	48
119	0	60	11	50	46	20	50	16	48
120	0	60	11	50	46	20	50	16	48
121	0	60	11	50	46	22	50	16	48
122	0	60	11	56	46	22	50	16	48
123	0	60	11	56	46	22	50	16	48
124	0	60	11	56	46	22	50	16	48
125	0	60	11	56	46	22	50	16	48
126	0	60	11	56	46	22	50	16	48
127	0	60	11	56	46	22	50	16	48
128	0	60	11	56	46	22	50	16	48
129	0	60	11	56	46	22	50	16	48
130	0	60	11	56	46	22	50	16	48
131	0	60	11	56	46	22	50	16	48
132	0	60	11	56	46	22	50	16	48
133	0	60	11	56	46	22	50	16	48
134	0	60	11	56	46	22	50	16	48
135	0	60	11	56	46	22	50	16	48
136	0	60	11	56	46	22	50	16	48
137	0	60	11	56	46	22	50	16	48
138	0	60	11	56	46	22	50	16	48
139	0	60	11	56	46	22	50	16	48
140	0	60	11	56	46	22	50	16	48
141	0	60	11	56	46	22	50	16	48
142	0	60	11	56	46	22	50	16	48
143	0	60	11	56	46	22	50	16	48
144	0	60	11	56	46	22	50	16	48
145	0	60	11	56	46	56	50	16	48
146	0	60	11	56	46	22	50	16	48
147	0	60	11	56	46	22	50	16	48
148	0	60	11	56	46	56	50	16	48
149	0	60	11	56	46	56	50	16	48
150	0	60	11	56	46	56	50	16	48
151	0	60	11	56	46	56	50	16	48
152	0	60	11	56	46	56	50	16	48
153	0	60	11	56	46	56	50	16	48
154	0	60	11	56	46	56	50	16	48
155	0	60	11	56	46	56	50	16	48
156	0	60	11	56	46	56	50	16	48
157	0	60	11	56	46	56	50	16	48
158	0	60	11	56	46	56	50	16	48
159	0	60	11	56	46	56	50	16	48
160	0	60	11	56	46	56	50	16	48
161	0	60	11	56	46	56	50	16	48
162	0	60	11	56	46	22	50	16	48
163	0	60	11	56	46	22	50	16	48
164	0	60	11	56	46	22	50	16	48
165	0	60	11	56	46	56	50	16	48
166	0	60	11	56	46	56	50	16	48
167	0	60	11	56	46	56	50	16	48
168	0	60	11	56	46	56	50	16	48
169	0	60	11	56	46	56	50	16	48
170	0	60	11	56	46	56	50	16	48
171	0	60	11	56	46	56	50	16	48
172	0	60	11	56	46	22	50	16	48
173	0	60	11	56	46	22	50	16	48
174	0	60	11	56	46	22	50	16	48
175	0	60	11	56	46	22	50	16	48
176	0	60	11	56	46	22	50	16	48
177	0	60	11	56	46	22	50	16	48
178	0	60	11	56	46	22	50	16	48
179	0	60	11	56	46	22	50	16	48
180	0	60	11	56	46	22	50	16	48
181	0	60	11	56	46	22	50	16	48
182	0	60	11	56	46	22	50	16	48
183	0	60	11	56	46	22	50	16	48
184	0	60	11	56	46	22	50	16	48
185	0	60	11	56	46	22	50	16	48
186	0	60	11	56	46	22	50	16	48
187	0	60	11	56	46	22	50	16	48
188	0	60	11	56	46	22	50	16	48
189	0	60	11	56	46	22	50	16	48
190	0	60	11	56	46	22	50	16	48
191	0	60	11	56	46	22	50	16	48
192	0	60	11	56	46	22	50	16	48
193	0	60	11	56	46	22	50	16	48
194	0	60	11	56	46	22	50	16	48
195	0	60	11	56	46	22	50	16	48
196	0	60	11	56	46	22	50	16	48
197	0	60	11	56	46	22	50	16	48
198	0	60	11	56	46	22	50	16	48
199	0	60	11	56	46	22	50	16	48
200	0	60	11	56	46	22	50	16	48
201	0	60	11	56	46	22	50	16	48
202	0	60	11	56	46	22	50	16	48
203	0	60	11	56	46	22	50	16	48
204	0	60	11	56	46	22	50	16	48
205	0	60	11	56	46	22	50	16	48
206	0	60	11	56	46	22	50	16	48
207	0	60	11	56	46	22	50	16	48
208	0	60	11	56	46	22	50	16	48
209	0	60	11	56	46	22	50	16	48
210	0	60	11	56	46	22	50	16	48
211	0	60	11	56	46	22	50	16	48
212	0	60	11	56	46	22	50	16	48
213	0	60	11	56	46	22	50	16	48
214	0	60	11	56	46	22	50	16	48
215	0	60	11	56	46	22	50	16	48
216	0	60	11	56	46	22	50	16	48
217	1	60	11	56	46	22	50	16	44
218	2	60	11	56	46	22	50	16	44
219	3	60	11	56	46	22	50	16	44
220	4	60	11	56	46	22	50	16	44
221	5	60	11	56	46	22	50	16	44
222	6	60	11	56	46	22	50	16	44
223	7	60	11	56	46	22	50	16	44
224	8	60	11	56	46	22	50	16	44
225	9	60	11	56	46	22	50	16	44
226	10	60	11	56	46	22	50	16	44
227	11	60	11	56	46	22	50	16	44
228	12	60	11	56	46	22	50	16	44
229	13	60	11	56	46	22	50	16	44
230	14	60	11	56	46	22	50	16	44
231	15	60	11	56	46	22	50	16	44
232	16	60	11	56	46	22	50	16	44
233	17	60	11	56	46	22	50	16	44
234	18	60	11	56	46	22	50	16	44
235	19	60	11	56	46	22	50	16	44
236	20	60	11	56	46	22	50	16	44
237	21	60	11	56	46	22	50	16	44
238	22	60	11	56	46	22	50	16	44
239	23	60	11	56	46	22	50	16	44
240	24	60	11	56	46	22	50	16	44
241	25	60	11	56	46	22	50	16	44
242	26	60	11	56	46	22	50	16	44
243	27	60	11	56	46	22	50	16	44
244	28	60	11	56	46	22	50	16	44
245	29	60	11	56	46	22	50	16	44
246	30	60	11	56	46	22	50	16	44
247	31	60	11	56	46	22	50	16	44
248	32	60	11	56	46	22	50	16	44
249	33	60	11	56	46	22	50	16	44
250	34	60	11	56	46	22	50	16	44
251	35	60	11	56	46	22	50	16	44
252	36	60	11	56	46	22	50	16	44
253	37	60	11	56	46	22	50	16	44
254	38	60	11	56	46	22	50	16	44
255	39	60	11	56	46	22	50	16	44
256	40	60	11	56	46	22	50	16	44
257	41	60	11	56	46	22	50	16	44
258	42	60	11	56	46	22	50	16	44
259	43	60	11	56	46	22	50	16	44
260	44	60	11	56	46	22	50	16	44
261	45	60	11	56	46	22	50	16	44
262	46	60	11	56	46	22	50	16	44
263	47	60	11	56	46	22	50	16	44
264	48	60	11	56	46	22	50	16	44
265	49	60	11	56	46	22	50	16	44
266	50	60	11	56	46	22	50	16	44
267	51	60	11	56	46	22	50	16	44
268	52	60	11	56	46	22	50	16	44
269	53	60	11	56	46	22	50	16	44
270	54	60	11	56	46	22	50	16	44
271	55	60	11	56	46	22	50	16	44
272	56	60	11	56	46	22	50	16	44
273	57	60	11	56	46	22	50	16	44
274	58	60	11	56	46	22	50	16	44
275	59	60	11	56	46	22	50	16	44
276	60	60	11	56	46	22	50	16	44
277	61	60	11	56	46	22	50	16	44
278	62	60	11	56	46	22	50	16	44
279	63	60	11	56	46	22	50	16	44
280	64	60	11	56	46	22	50	16	44
281	65	60	11	56	46	22	50	16	44
282	66	60	11	56	46	22	50	16	44
283	67	60	11	56	46	22	50	16	44
284	68	60	11	56	46	22	50	16	44
285	69	60	11	56	46	22	50	16	44
286	70	60	11	56	46	22	50	16	44
287	71	60	11	56	46	22	50	16	44
288	72	60	11	56	46	22	50	16	44
289	73	60	11	56	46	22	50	16	44
290	74	60	11	56	46	22	50	16	44
291	75	60	11	56	46	22	50	16	44
292	76	60	11	56	46	22	50	16	44
293	77	60	11	56	46	22	50	16	44
294	78	60	11	56	46	22	50	16	44
295	79	60	11	56	46	22	50	16	44
296	80	60	11	56	46	22	50	16	44
297	81	60	11	56	46	22	50	16	44
298	82	60	11	56	46	22	50	16	44
299	83	60	11	56	46	22	50	16	44
300	84	60	11	56	46	22	50	16	44
301	85	60	11	56	46	22	50	16	44
302	86	60	11	56	46	22	50	16	44
303	87	60	11	56	46	22	50	16	44
304	88	60	11	56	46	22	50	16	44
305	89	60	11	56	46	22	50	16	44
306	90	60	11	56	46	22	50	16	44
307	91	60	11	56	46	22	50	16	44
308	92	60	11	56	46	22	50	16	44
309	93	60	11	56	46	22	50	16	44
310	94	60	11	56	46	22	50	16	44
311	95	60	11	56	46	22	50	16	44
312	96	60	11	56	46	22	50	16	44
313	97	60	11	56	46	22	50	16	44
314	98	60	11	56	46	22	50	16	44
315	99	60	11	56	46	22	50	16	44
316	100	60	11	56	46	22	50	16	44
# 6	316
################

# Stability threshold: 100
# Iteration threshold: 100
1
2
3
4
5
6
7
8
9
10
11
12
13
14
15
16
17
18
19
20
21
22
23
24
25
26
27
28
29
30
31
32
33
34
35
36
37
38
39
40
41
42
43
44
45
46
47
48
49
50
51
52
53
54
55
56
57
58
59
60
61
62
63
64
65
66
67
68
69
70
71
72
73
74
75
76
77
78
79
80
81
82
83
84
85
86
87
88
89
90
91
92
93
94
95
96
97
98
99
100	0	60	55	56	46	22	50	56	44
101	0	60	11	56	46	22	50	6	44
102	0	60	11	56	46	22	50	41	44
103	0	60	11	56	46	22	50	41	19
104	0	60	11	56	46	22	50	41	44
105	0	60	11	56	46	22	50	41	44
106	0	60	11	56	46	22	50	56	19
107	0	60	11	56	46	22	50	56	19
108	0	48	11	56	46	22	50	56	19
109	0	60	11	56	46	22	50	56	19
110	0	48	11	56	46	22	50	56	19
111	0	60	11	56	46	22	50	16	19
112	0	60	11	56	46	22	50	16	19
113	0	60	11	56	46	22	50	16	19
114	0	60	11	56	46	22	50	16	19
115	0	60	11	56	46	22	50	16	19
116	0	60	11	56	46	22	50	16	19
117	0	60	11	56	46	22	50	16	19
118	0	60	11	56	46	22	50	62	19
119	0	60	11	56	46	22	50	62	19
120	0	60	11	56	46	22	50	62	19
121	0	60	11	56	46	22	50	16	19
122	0	60	11	56	46	22	50	16	19
123	0	60	11	56	46	22	50	16	19
124	0	60	11	56	46	22	50	16	19
125	0	60	11	56	46	22	50	16	19
126	0	60	11	56	46	22	50	16	19
127	1	60	11	56	46	22	50	16	44
128	2	60	11	56	46	22	50	16	44
129	3	60	11	56	46	22	50	16	44
130	4	60	11	56	46	22	50	16	44
131	5	60	11	56	46	22	50	16	44
132	6	60	11	56	46	22	50	16	44
133	7	60	11	56	46	22	50	16	44
134	8	60	11	56	46	22	50	16	44
135	9	60	11	56	46	22	50	16	44
136	10	60	11	56	46	22	50	16	44
137	11	60	11	56	46	22	50	16	44
138	12	60	11	56	46	22	50	16	44
139	13	60	11	56	46	22	50	16	44
140	14	60	11	56	46	22	50	16	44
141	15	60	11	56	46	22	50	16	44
142	16	60	11	56	46	22	50	16	44
143	17	60	11	56	46	22	50	16	44
144	18	60	11	56	46	22	50	16	44
145	19	60	11	56	46	22	50	16	44
146	20	60	11	56	46	22	50	16	44
147	21	60	11	56	46	22	50	16	44
148	22	60	11	56	46	22	50	16	44
149	23	60	11	56	46	22	50	16	44
150	24	60	11	56	46	22	50	16	44
151	0	60	11	56	24	22	50	16	44
152	0	60	11	56	24	22	50	16	44
153	1	60	11	56	46	22	50	16	44
154	2	60	11	56	46	22	50	16	44
155	3	60	11	56	46	22	50	16	44
156	4	60	11	56	46	22	50	16	44
157	5	60	11	56	46	22	50	16	44
158	6	60	11	56	46	22	50	16	44
159	7	60	11	56	46	22	50	16	44
160	8	60	11	56	46	22	50	16	44
161	9	60	11	56	46	22	50	16	44
162	10	60	11	56	46	22	50	16	44
163	11	60	11	56	46	22	50	16	44
164	12	60	11	56	46	22	50	16	44
165	13	60	11	56	46	22	50	16	44
166	14	60	11	56	46	22	50	16	44
167	15	60	11	56	46	22	50	16	44
168	16	60	11	56	46	22	50	16	44
169	17	60	11	56	46	22	50	16	44
170	18	60	11	56	46	22	50	16	44
171	19	60	11	56	46	22	50	16	44
172	20	60	11	56	46	22	50	16	44
173	21	60	11	56	46	22	50	16	44
174	22	60	11	56	46	22	50	16	44
175	23	60	11	56	46	22	50	16	44
176	24	60	11	56	46	22	50	16	44
177	25	60	11	56	46	22	50	16	44
178	26	60	11	56	46	22	50	16	44
179	27	60	11	56	46	22	50	16	44
180	28	60	11	56	46	22	50	16	44
181	29	60	11	56	46	22	50	16	44
182	30	60	11	56	46	22	50	16	44
183	31	60	11	56	46	22	50	16	44
184	32	60	11	56	46	22	50	16	44
185	33	60	11	56	46	22	50	16	44
186	34	60	11	56	46	22	50	16	44
187	35	60	11	56	46	22	50	16	44
188	36	60	11	56	46	22	50	16	44
189	37	60	11	56	46	22	50	16	44
190	38	60	11	56	46	22	50	16	44
191	39	60	11	56	46	22	50	16	44
192	40	60	11	56	46	22	50	16	44
193	41	60	11	56	46	22	50	16	44
194	42	60	11	56	46	22	50	16	44
195	43	60	11	56	46	22	50	16	44
196	44	60	11	56	46	22	50	16	44
197	45	60	11	56	46	22	50	16	44
198	46	60	11	56	46	22	50	16	44
199	47	60	11	56	46	22	50	16	44
200	48	60	11	56	46	22	50	16	44
201	49	60	11	56	46	22	50	16	44
202	50	60	11	56	46	22	50	16	44
203	51	60	11	56	46	22	50	16	44
204	52	60	11	56	46	22	50	16	44
205	53	60	11	56	46	22	50	16	44
206	54	60	11	56	46	22	50	16	44
207	55	60	11	56	46	22	50	16	44
208	56	60	11	56	46	22	50	16	44
209	57	60	11	56	46	22	50	16	44
210	58	60	11	56	46	22	50	16	44
211	59	60	11	56	46	22	50	16	44
212	60	60	11	56	46	22	50	16	44
213	61	60	11	56	46	22	50	16	44
214	62	60	11	56	46	22	50	16	44
215	63	60	11	56	46	22	50	16	44
216	64	60	11	56	46	22	50	16	44
217	65	60	11	56	46	22	50	16	44
218	66	60	11	56	46	22	50	16	44
219	67	60	11	56	46	22	50	16	44
220	68	60	11	56	46	22	50	16	44
221	69	60	11	56	46	22	50	16	44
222	70	60	11	56	46	22	50	16	44
223	71	60	11	56	46	22	50	16	44
224	72	60	11	56	46	22	50	16	44
225	73	60	11	56	46	22	50	16	44
226	74	60	11	56	46	22	50	16	44
227	75	60	11	56	46	22	50	16	44
228	76	60	11	56	46	22	50	16	44
229	77	60	11	56	46	22	50	16	44
230	78	60	11	56	46	22	50	16	44
231	79	60	11	56	46	22	50	16	44
232	80	60	11	56	46	22	50	16	44
233	81	60	11	56	46	22	50	16	44
234	82	60	11	56	46	22	50	16	44
235	83	60	11	56	46	22	50	16	44
236	84	60	11	56	46	22	50	16	44
237	85	60	11	56	46	22	50	16	44
238	86	60	11	56	46	22	50	16	44
239	87	60	11	56	46	22	50	16	44
240	88	60	11	56	46	22	50	16	44
241	89	60	11	56	46	22	50	16	44
242	90	60	11	56	46	22	50	16	44
243	91	60	11	56	46	22	50	16	44
244	92	60	11	56	46	22	50	16	44
245	93	60	11	56	46	22	50	16	44
246	94	60	11	56	46	22	50	16	44
247	95	60	11	56	46	22	50	16	44
248	96	60	11	56	46	22	50	16	44
249	97	60	11	56	46	22	50	16	44
250	98	60	11	56	46	22	50	16	44
251	99	60	11	56	46	22	50	16	44
252	100	60	11	56	46	22	50	16	44
# 7	252
################

# Stability threshold: 100
# Iteration threshold: 100
1
2
3
4
5
6
7
8
9
10
11
12
13
14
15
16
17
18
19
20
21
22
23
24
25
26
27
28
29
30
31
32
33
34
35
36
37
38
39
40
41
42
43
44
45
46
47
48
49
50
51
52
53
54
55
56
57
58
59
60
61
62
63
64
65
66
67
68
69
70
71
72
73
74
75
76
77
78
79
80
81
82
83
84
85
86
87
88
89
90
91
92
93
94
95
96
97
98
99
100	0	60	6	56	46	20	50	13	44
101	0	60	6	56	46	20	50	13	44
102	0	60	6	56	46	20	50	13	44
103	0	60	6	56	46	20	50	13	44
104	0	60	6	56	46	20	50	13	44
105	0	60	6	56	46	20	50	13	44
106	0	60	6	56	46	20	50	13	44
107	0	60	6	56	46	20	50	13	44
108	0	60	6	56	46	20	50	13	44
109	0	60	6	56	46	46	50	13	44
110	0	60	6	56	46	20	50	13	44
111	0	60	6	56	46	20	50	13	44
112	0	60	6	56	46	20	50	13	44
113	0	60	6	56	46	20	50	13	44
114	0	60	6	56	46	20	50	13	44
115	0	60	6	56	46	20	50	13	44
116	0	60	6	56	46	20	50	13	44
117	0	60	6	56	46	20	50	13	44
118	0	60	6	56	46	20	50	13	44
119	0	60	6	56	46	20	50	13	44
120	0	60	6	56	46	20	50	13	44
121	0	60	6	56	46	20	50	13	44
122	0	60	6	56	46	20	50	13	44
123	0	60	6	56	46	20	50	13	44
124	0	60	6	56	46	20	50	13	44
125	0	60	6	56	46	20	50	13	44
126	0	60	6	56	46	22	50	13	44
127	0	60	36	56	46	22	50	13	44
128	0	60	36	56	46	22	50	13	44
129	0	60	6	56	46	24	50	13	44
130	0	60	6	56	46	24	50	13	44
131	0	60	6	56	46	24	50	13	44
132	0	60	6	56	46	24	50	13	44
133	0	60	6	56	46	24	50	13	44
134	0	60	6	56	46	24	50	13	44
135	0	60	6	56	46	24	50	13	44
136	0	60	6	56	46	24	50	13	44
137	0	60	6	56	46	24	50	13	44
138	0	60	36	56	46	24	50	13	44
139	0	60	36	56	46	24	50	13	44
140	0	60	36	56	46	24	50	13	44
141	0	60	6	56	46	24	50	13	44
142	0	60	6	56	46	24	50	13	44
143	0	60	6	56	46	24	50	13	44
144	0	60	6	56	46	24	50	13	44
145	0	60	6	56	46	24	50	13	44
146	0	60	27	56	46	24	50	13	44
147	0	60	6	56	46	24	50	13	44
148	0	60	6	56	46	24	50	13	44
149	0	60	6	56	46	22	50	13	44
150	0	60	6	56	46	22	50	13	44
151	0	60	6	56	46	22	50	13	44
152	0	60	6	56	46	22	50	13	44
153	0	60	6	56	46	22	50	15	44
154	0	60	6	56	46	22	50	13	44
155	0	60	6	56	46	22	50	15	44
156	0	60	6	56	46	22	50	15	44
157	0	60	6	56	46	22	50	15	44
158	0	60	6	56	46	22	50	15	44
159	0	60	6	56	46	22	50	15	44
160	0	60	6	56	46	22	50	15	44
161	0	60	6	56	46	22	50	13	44
162	0	60	6	56	46	22	50	13	44
163	0	60	6	56	46	22	50	15	44
164	0	60	6	56	46	22	50	15	44
165	0	60	6	56	46	22	50	15	44
166	0	60	6	56	46	22	50	36	44
167	0	60	6	56	46	22	50	15	44
168	0	60	6	56	46	22	50	15	44
169	0	60	6	56	46	22	50	15	44
170	0	60	6	56	46	22	50	15	44
171	0	60	36	56	46	22	50	15	44
172	0	60	36	56	46	22	50	15	44
173	0	60	36	56	46	22	50	15	44
174	0	60	36	56	46	22	50	15	44
175	0	60	36	56	46	22	50	15	44
176	0	60	36	56	46	22	50	15	44
177	0	60	36	56	46	22	50	36	44
178	0	60	36	56	46	22	50	36	44
179	0	60	36	56	46	22	50	36	44
180	0	60	36	56	46	22	50	36	44
181	0	60	11	56	46	22	50	15	44
182	0	60	11	56	46	22	50	15	44
183	0	60	11	56	46	22	50	15	44
184	0	60	11	56	46	22	50	15	44
185	0	60	11	56	46	22	50	15	44
186	0	60	11	56	46	22	50	15	44
187	0	60	11	56	46	22	50	36	44
188	0	60	11	56	46	22	50	36	44
189	0	60	11	56	46	22	50	36	44
190	0	60	11	56	46	22	50	36	44
191	0	60	11	56	46	22	50	36	44
192	0	60	11	56	46	22	50	13	44
193	0	60	11	56	46	22	50	13	44
194	0	60	11	56	46	22	50	13	44
195	0	60	11	56	46	22	50	13	44
196	0	60	11	56	46	22	50	13	44
197	0	60	11	56	46	22	50	13	44
198	0	60	11	56	46	22	50	13	44
199	0	60	11	56	46	22	50	13	44
200	0	60	11	56	46	22	50	13	44
201	0	60	11	56	46	22	50	13	44
202	0	60	11	56	46	22	50	13	44
203	0	60	11	56	46	22	50	13	44
204	0	60	11	56	46	22	50	13	44
205	0	60	11	56	46	22	50	13	44
206	0	60	11	56	46	22	50	13	44
207	0	60	11	56	46	22	50	13	44
208	0	60	11	56	46	22	50	13	44
209	0	60	11	56	46	22	50	13	44
210	0	60	11	56	46	22	50	13	44
211	1	60	11	56	46	22	50	16	44
212	2	60	11	56	46	22	50	16	44
213	0	60	11	56	46	22	50	13	44
214	1	60	11	56	46	22	50	16	44
215	0	60	11	56	46	22	50	13	44
216	0	60	11	56	46	22	50	36	44
217	1	60	11	56	46	22	50	16	44
218	0	60	11	56	46	22	50	36	44
219	0	60	11	56	46	22	50	36	44
220	0	60	11	56	46	22	50	36	44
221	0	60	11	56	46	22	50	36	44
222	0	60	11	56	46	22	50	36	44
223	0	60	11	56	46	22	50	36	44
224	0	60	11	56	46	22	50	36	44
225	0	60	11	56	46	22	50	36	44
226	0	60	11	56	46	22	50	36	44
227	0	60	11	56	46	22	50	13	44
228	0	60	11	56	46	22	50	13	44
229	0	60	11	56	46	22	50	13	44
230	0	60	11	56	46	22	50	13	44
231	0	60	11	56	46	22	50	13	44
232	0	60	11	56	46	22	50	13	44
233	0	60	11	56	46	22	50	13	44
234	0	60	11	56	46	22	50	36	44
235	0	60	11	56	46	22	50	36	44
236	0	60	11	56	46	22	50	36	44
237	0	60	11	56	46	22	50	36	44
238	0	60	11	56	46	22	50	36	44
239	0	60	11	56	46	22	50	36	44
240	0	60	11	56	46	22	50	36	44
241	0	60	11	56	46	22	50	36	44
242	0	60	11	56	46	22	50	36	44
243	0	60	11	56	46	22	50	36	44
244	0	60	11	56	46	22	50	36	44
245	0	60	11	56	46	22	50	36	44
246	0	60	11	56	46	22	50	36	44
247	0	60	11	56	46	22	50	36	44
248	0	60	11	56	46	22	50	36	44
249	0	60	11	56	46	22	50	36	44
250	0	60	11	56	46	22	50	36	44
251	1	60	11	56	46	22	50	16	44
252	2	60	11	56	46	22	50	16	44
253	3	60	11	56	46	22	50	16	44
254	4	60	11	56	46	22	50	16	44
255	5	60	11	56	46	22	50	16	44
256	6	60	11	56	46	22	50	16	44
257	7	60	11	56	46	22	50	16	44
258	8	60	11	56	46	22	50	16	44
259	9	60	11	56	46	22	50	16	44
260	10	60	11	56	46	22	50	16	44
261	11	60	11	56	46	22	50	16	44
262	12	60	11	56	46	22	50	16	44
263	13	60	11	56	46	22	50	16	44
264	14	60	11	56	46	22	50	16	44
265	15	60	11	56	46	22	50	16	44
266	16	60	11	56	46	22	50	16	44
267	17	60	11	56	46	22	50	16	44
268	18	60	11	56	46	22	50	16	44
269	19	60	11	56	46	22	50	16	44
270	20	60	11	56	46	22	50	16	44
271	21	60	11	56	46	22	50	16	44
272	22	60	11	56	46	22	50	16	44
273	23	60	11	56	46	22	50	16	44
274	24	60	11	56	46	22	50	16	44
275	25	60	11	56	46	22	50	16	44
276	26	60	11	56	46	22	50	16	44
277	27	60	11	56	46	22	50	16	44
278	28	60	11	56	46	22	50	16	44
279	29	60	11	56	46	22	50	16	44
280	0	60	11	56	46	22	50	36	44
281	0	60	11	56	46	22	50	36	44
282	0	60	11	56	46	22	50	36	44
283	0	60	11	56	46	22	50	36	44
284	0	60	11	56	46	22	50	36	44
285	0	60	11	56	46	22	50	36	44
286	0	60	11	56	46	22	50	36	44
287	0	60	11	56	46	22	50	36	44
288	0	60	11	56	46	22	50	36	44
289	0	60	11	56	46	22	50	36	44
290	0	60	11	56	46	22	50	36	44
291	0	60	11	56	46	22	50	36	44
292	0	60	11	56	46	22	50	36	44
293	0	60	11	56	46	22	50	36	44
294	0	60	11	56	46	22	50	36	44
295	0	60	11	56	46	22	50	36	44
296	0	60	11	56	46	22	50	36	44
297	0	60	11	56	46	22	50	36	44
298	0	60	11	56	46	22	50	36	44
299	0	60	11	56	46	22	50	36	44
300	0	60	11	56	46	22	50	36	44
301	0	60	11	56	46	22	50	36	44
302	0	60	11	56	46	22	50	36	44
303	0	60	11	56	46	22	50	36	44
304	0	60	11	56	46	22	50	36	44
305	0	60	11	56	46	22	50	36	44
306	0	60	11	56	46	22	50	36	44
307	0	60	11	56	46	22	50	36	44
308	1	60	11	56	46	22	50	16	44
309	2	60	11	56	46	22	50	16	44
310	3	60	11	56	46	22	50	16	44
311	4	60	11	56	46	22	50	16	44
312	5	60	11	56	46	22	50	16	44
313	6	60	11	56	46	22	50	16	44
314	7	60	11	56	46	22	50	16	44
315	8	60	11	56	46	22	50	16	44
316	0	60	11	56	46	22	50	36	44
317	0	60	11	56	46	22	50	36	44
318	0	60	11	56	46	22	50	36	44
319	1	60	11	56	46	22	50	16	44
320	0	60	11	56	46	22	50	36	44
321	0	60	11	56	46	22	50	36	44
322	1	60	11	56	46	22	50	16	44
323	2	60	11	56	46	22	50	16	44
324	3	60	11	56	46	22	50	16	44
325	4	60	11	56	46	22	50	16	44
326	5	60	11	56	46	22	50	16	44
327	6	60	11	56	46	22	50	16	44
328	7	60	11	56	46	22	50	16	44
329	8	60	11	56	46	22	50	16	44
330	9	60	11	56	46	22	50	16	44
331	10	60	11	56	46	22	50	16	44
332	11	60	11	56	46	22	50	16	44
333	12	60	11	56	46	22	50	16	44
334	13	60	11	56	46	22	50	16	44
335	14	60	11	56	46	22	50	16	44
336	15	60	11	56	46	22	50	16	44
337	16	60	11	56	46	22	50	16	44
338	17	60	11	56	46	22	50	16	44
339	18	60	11	56	46	22	50	16	44
340	19	60	11	56	46	22	50	16	44
341	20	60	11	56	46	22	50	16	44
342	21	60	11	56	46	22	50	16	44
343	22	60	11	56	46	22	50	16	44
344	23	60	11	56	46	22	50	16	44
345	24	60	11	56	46	22	50	16	44
346	25	60	11	56	46	22	50	16	44
347	26	60	11	56	46	22	50	16	44
348	27	60	11	56	46	22	50	16	44
349	28	60	11	56	46	22	50	16	44
350	29	60	11	56	46	22	50	16	44
351	30	60	11	56	46	22	50	16	44
352	31	60	11	56	46	22	50	16	44
353	32	60	11	56	46	22	50	16	44
354	33	60	11	56	46	22	50	16	44
355	34	60	11	56	46	22	50	16	44
356	35	60	11	56	46	22	50	16	44
357	36	60	11	56	46	22	50	16	44
358	37	60	11	56	46	22	50	16	44
359	38	60	11	56	46	22	50	16	44
360	39	60	11	56	46	22	50	16	44
361	40	60	11	56	46	22	50	16	44
362	41	60	11	56	46	22	50	16	44
363	42	60	11	56	46	22	50	16	44
364	43	60	11	56	46	22	50	16	44
365	44	60	11	56	46	22	50	16	44
366	45	60	11	56	46	22	50	16	44
367	46	60	11	56	46	22	50	16	44
368	47	60	11	56	46	22	50	16	44
369	48	60	11	56	46	22	50	16	44
370	49	60	11	56	46	22	50	16	44
371	50	60	11	56	46	22	50	16	44
372	51	60	11	56	46	22	50	16	44
373	52	60	11	56	46	22	50	16	44
374	53	60	11	56	46	22	50	16	44
375	54	60	11	56	46	22	50	16	44
376	55	60	11	56	46	22	50	16	44
377	56	60	11	56	46	22	50	16	44
378	57	60	11	56	46	22	50	16	44
379	58	60	11	56	46	22	50	16	44
380	59	60	11	56	46	22	50	16	44
381	60	60	11	56	46	22	50	16	44
382	61	60	11	56	46	22	50	16	44
383	62	60	11	56	46	22	50	16	44
384	63	60	11	56	46	22	50	16	44
385	64	60	11	56	46	22	50	16	44
386	65	60	11	56	46	22	50	16	44
387	66	60	11	56	46	22	50	16	44
388	67	60	11	56	46	22	50	16	44
389	68	60	11	56	46	22	50	16	44
390	69	60	11	56	46	22	50	16	44
391	70	60	11	56	46	22	50	16	44
392	71	60	11	56	46	22	50	16	44
393	72	60	11	56	46	22	50	16	44
394	73	60	11	56	46	22	50	16	44
395	74	60	11	56	46	22	50	16	44
396	75	60	11	56	46	22	50	16	44
397	76	60	11	56	46	22	50	16	44
398	77	60	11	56	46	22	50	16	44
399	78	60	11	56	46	22	50	16	44
400	79	60	11	56	46	22	50	16	44
401	80	60	11	56	46	22	50	16	44
402	81	60	11	56	46	22	50	16	44
403	82	60	11	56	46	22	50	16	44
404	83	60	11	56	46	22	50	16	44
405	84	60	11	56	46	22	50	16	44
406	85	60	11	56	46	22	50	16	44
407	86	60	11	56	46	22	50	16	44
408	87	60	11	56	46	22	50	16	44
409	88	60	11	56	46	22	50	16	44
410	89	60	11	56	46	22	50	16	44
411	90	60	11	56	46	22	50	16	44
412	91	60	11	56	46	22	50	16	44
413	92	60	11	56	46	22	50	16	44
414	93	60	11	56	46	22	50	16	44
415	94	60	11	56	46	22	50	16	44
416	95	60	11	56	46	22	50	16	44
417	96	60	11	56	46	22	50	16	44
418	97	60	11	56	46	22	50	16	44
419	98	60	11	56	46	22	50	16	44
420	99	60	11	56	46	22	50	16	44
421	100	60	11	56	46	22	50	16	44
# 8	421
################

# Stability threshold: 100
# Iteration threshold: 100
1
2
3
4
5
6
7
8
9
10
11
12
13
14
15
16
17
18
19
20
21
22
23
24
25
26
27
28
29
30
31
32
33
34
35
36
37
38
39
40
41
42
43
44
45
46
47
48
49
50
51
52
53
54
55
56
57
58
59
60
61
62
63
64
65
66
67
68
69
70
71
72
73
74
75
76
77
78
79
80
81
82
83
84
85
86
87
88
89
90
91
92
93
94
95
96
97
98
99
100	0	63	37	24	46	22	37	56	44
101	0	63	37	24	46	22	37	56	44
102	0	63	54	24	46	22	37	56	44
103	0	63	54	24	46	22	37	56	44
104	0	63	54	24	46	22	37	56	44
105	0	63	54	24	46	22	37	56	44
106	0	63	37	24	46	22	37	56	44
107	0	63	37	24	46	22	37	56	44
108	0	63	37	24	46	22	37	56	44
109	0	63	37	24	46	22	37	56	44
110	0	63	37	24	46	22	37	56	44
111	0	63	54	24	46	22	37	56	44
112	0	63	54	24	46	22	37	56	44
113	0	63	54	24	46	22	37	56	44
114	0	63	54	24	46	22	37	56	44
115	0	63	37	24	46	22	37	56	44
116	0	63	54	24	46	22	37	56	44
117	0	63	54	24	46	22	37	56	44
118	0	63	54	24	50	22	37	56	44
119	0	63	54	24	50	22	37	56	44
120	0	63	54	24	50	22	37	56	44
121	0	63	54	24	50	22	37	56	44
122	0	63	54	24	50	22	37	56	44
123	0	63	54	24	50	22	37	56	44
124	0	63	54	24	47	22	37	56	44
125	0	63	54	24	47	22	37	56	44
126	0	63	54	24	50	22	37	34	44
127	0	63	54	24	50	22	37	34	44
128	0	63	54	24	50	22	37	16	44
129	0	63	54	24	50	22	37	16	44
130	0	63	54	24	46	22	37	16	44
131	0	63	54	24	46	22	37	16	44
132	0	63	54	24	46	22	37	16	44
133	0	63	54	24	46	22	37	16	44
134	0	63	54	24	46	22	37	16	44
135	0	63	54	24	46	22	37	16	44
136	0	63	54	24	46	22	37	16	44
137	0	63	54	24	50	22	37	16	44
138	0	63	54	24	46	22	37	16	44
139	0	63	54	24	46	22	37	16	44
140	0	63	54	24	46	22	37	16	44
141	0	63	54	24	50	22	37	16	44
142	0	63	54	24	46	22	37	16	44
143	0	63	54	24	46	22	37	16	44
144	0	63	54	8	46	22	37	16	44
145	0	63	54	8	46	22	37	16	44
146	0	63	54	8	38	22	37	16	44
147	0	63	54	8	46	22	37	16	44
148	0	63	54	8	46	22	37	16	44
149	0	63	54	8	46	22	37	16	44
150	0	63	54	8	46	22	37	16	44
151	0	63	54	8	46	22	37	16	44
152	0	63	54	8	46	22	37	16	44
153	0	63	54	8	46	22	37	16	44
154	0	63	54	8	46	22	37	16	44
155	0	63	54	8	46	22	37	16	44
156	0	63	54	8	46	22	37	16	44
157	0	63	54	8	46	22	37	16	44
158	0	63	54	8	46	22	37	16	44
159	0	63	54	8	46	22	37	16	44
160	0	20	54	8	46	22	37	16	44
161	0	63	54	8	47	22	50	16	44
162	0	63	54	8	38	22	50	16	44
163	0	63	54	8	38	22	50	16	44
164	0	63	54	8	14	22	50	16	44
165	0	63	54	8	50	22	50	16	44
166	0	63	54	8	50	22	50	16	44
167	0	63	54	8	38	22	50	16	44
168	0	63	54	8	38	22	50	16	44
169	0	63	54	8	38	22	50	16	44
170	0	63	54	8	38	22	50	16	44
171	0	63	54	56	50	22	50	16	44
172	0	63	54	56	50	22	50	16	44
173	0	63	54	56	50	22	50	16	44
174	0	63	54	56	47	22	50	16	44
175	0	63	54	56	50	22	50	16	44
176	0	63	54	56	50	22	50	16	44
177	0	63	54	56	50	22	50	16	44
178	0	63	54	56	50	22	50	16	44
179	0	63	54	56	14	22	50	16	44
180	0	63	54	56	38	22	50	16	44
181	0	60	54	56	14	22	50	16	44
182	0	60	54	56	14	22	50	16	44
183	0	60	54	56	14	22	50	16	44
184	0	60	54	56	14	22	50	16	44
185	0	60	54	56	14	22	50	16	44
186	0	60	54	56	14	22	50	16	44
187	0	60	54	56	38	22	50	16	44
188	0	60	54	56	38	22	50	16	44
189	0	60	54	56	46	22	50	16	44
190	0	60	54	56	46	22	50	16	44
191	0	60	54	56	46	22	50	16	44
192	0	60	54	56	46	22	50	16	44
193	0	60	54	56	46	22	50	16	44
194	0	60	54	56	46	22	50	16	44
195	0	60	54	56	46	22	50	16	44
196	0	60	54	56	46	22	50	16	44
197	0	60	54	56	46	22	50	16	44
198	0	60	54	56	46	22	50	16	44
199	0	60	54	56	46	22	50	16	44
200	0	60	54	56	46	22	50	16	44
201	0	60	54	5	46	22	50	16	44
202	0	63	54	5	46	22	50	16	44
203	0	60	54	5	46	22	50	16	44
204	0	60	54	5	46	22	50	16	44
205	0	60	54	56	46	22	50	16	44
206	0	60	54	56	46	22	50	16	44
207	0	60	13	56	46	22	50	16	44
208	0	60	13	56	46	22	50	16	44
209	0	60	13	56	46	22	50	16	44
210	0	60	13	56	46	22	50	16	44
211	0	60	13	56	46	22	50	16	44
212	0	60	54	56	46	22	50	16	44
213	0	60	13	56	46	22	50	16	44
214	1	60	11	56	46	22	50	16	44
215	2	60	11	56	46	22	50	16	44
216	3	60	11	56	46	22	50	16	44
217	4	60	11	56	46	22	50	16	44
218	5	60	11	56	46	22	50	16	44
219	0	60	13	56	46	22	50	16	44
220	0	63	13	56	46	22	50	16	44
221	0	63	13	56	46	22	50	16	44
222	0	63	13	56	46	22	50	16	44
223	0	63	11	56	46	22	50	16	44
224	0	63	13	56	46	22	50	16	44
225	0	63	13	56	46	22	50	16	44
226	0	63	13	56	46	22	50	16	44
227	0	63	13	56	46	22	50	16	44
228	0	63	13	56	46	22	50	16	44
229	0	63	13	56	46	22	50	16	44
230	0	63	13	56	46	22	50	16	44
231	0	63	13	56	46	22	50	16	44
232	0	63	13	56	46	22	50	16	44
233	0	63	13	56	46	22	50	16	44
234	0	63	13	56	46	22	50	16	44
235	0	63	13	56	46	22	50	16	44
236	0	63	13	56	46	22	50	16	44
237	0	63	13	56	46	22	50	16	44
238	0	63	13	56	46	22	50	16	44
239	0	63	13	56	46	22	50	16	44
240	0	63	13	56	46	22	50	16	44
241	0	63	13	56	46	22	50	16	44
242	0	63	13	56	46	22	50	16	44
243	0	63	13	56	46	22	50	16	44
244	0	63	13	56	46	22	50	16	44
245	0	63	13	56	46	22	50	16	44
246	0	63	13	56	46	22	50	16	44
247	0	63	13	56	46	22	50	16	44
248	0	63	13	56	46	22	50	16	44
249	0	63	13	56	46	22	50	16	44
250	0	63	13	56	46	22	50	16	44
251	0	63	13	56	46	22	50	16	44
252	0	63	11	56	46	22	50	16	44
253	0	63	11	56	46	22	50	16	44
254	0	63	11	56	46	22	50	16	44
255	1	60	11	56	46	22	50	16	44
256	2	60	11	56	46	22	50	16	44
257	0	63	11	56	46	22	50	16	44
258	0	63	11	56	46	22	50	16	44
259	1	60	11	56	46	22	50	16	44
260	2	60	11	56	46	22	50	16	44
261	3	60	11	56	46	22	50	16	44
262	4	60	11	56	46	22	50	16	44
263	5	60	11	56	46	22	50	16	44
264	6	60	11	56	46	22	50	16	44
265	7	60	11	56	46	22	50	16	44
266	8	60	11	56	46	22	50	16	44
267	9	60	11	56	46	22	50	16	44
268	10	60	11	56	46	22	50	16	44
269	11	60	11	56	46	22	50	16	44
270	12	60	11	56	46	22	50	16	44
271	13	60	11	56	46	22	50	16	44
272	14	60	11	56	46	22	50	16	44
273	15	60	11	56	46	22	50	16	44
274	16	60	11	56	46	22	50	16	44
275	17	60	11	56	46	22	50	16	44
276	18	60	11	56	46	22	50	16	44
277	19	60	11	56	46	22	50	16	44
278	20	60	11	56	46	22	50	16	44
279	21	60	11	56	46	22	50	16	44
280	22	60	11	56	46	22	50	16	44
281	23	60	11	56	46	22	50	16	44
282	24	60	11	56	46	22	50	16	44
283	25	60	11	56	46	22	50	16	44
284	26	60	11	56	46	22	50	16	44
285	27	60	11	56	46	22	50	16	44
286	28	60	11	56	46	22	50	16	44
287	29	60	11	56	46	22	50	16	44
288	30	60	11	56	46	22	50	16	44
289	31	60	11	56	46	22	50	16	44
290	32	60	11	56	46	22	50	16	44
291	33	60	11	56	46	22	50	16	44
292	34	60	11	56	46	22	50	16	44
293	35	60	11	56	46	22	50	16	44
294	36	60	11	56	46	22	50	16	44
295	37	60	11	56	46	22	50	16	44
296	38	60	11	56	46	22	50	16	44
297	39	60	11	56	46	22	50	16	44
298	40	60	11	56	46	22	50	16	44
299	41	60	11	56	46	22	50	16	44
300	42	60	11	56	46	22	50	16	44
301	43	60	11	56	46	22	50	16	44
302	44	60	11	56	46	22	50	16	44
303	45	60	11	56	46	22	50	16	44
304	46	60	11	56	46	22	50	16	44
305	47	60	11	56	46	22	50	16	44
306	48	60	11	56	46	22	50	16	44
307	49	60	11	56	46	22	50	16	44
308	50	60	11	56	46	22	50	16	44
309	51	60	11	56	46	22	50	16	44
310	52	60	11	56	46	22	50	16	44
311	53	60	11	56	46	22	50	16	44
312	54	60	11	56	46	22	50	16	44
313	55	60	11	56	46	22	50	16	44
314	56	60	11	56	46	22	50	16	44
315	57	60	11	56	46	22	50	16	44
316	58	60	11	56	46	22	50	16	44
317	59	60	11	56	46	22	50	16	44
318	60	60	11	56	46	22	50	16	44
319	61	60	11	56	46	22	50	16	44
320	62	60	11	56	46	22	50	16	44
321	63	60	11	56	46	22	50	16	44
322	64	60	11	56	46	22	50	16	44
323	65	60	11	56	46	22	50	16	44
324	66	60	11	56	46	22	50	16	44
325	67	60	11	56	46	22	50	16	44
326	68	60	11	56	46	22	50	16	44
327	69	60	11	56	46	22	50	16	44
328	70	60	11	56	46	22	50	16	44
329	71	60	11	56	46	22	50	16	44
330	72	60	11	56	46	22	50	16	44
331	73	60	11	56	46	22	50	16	44
332	74	60	11	56	46	22	50	16	44
333	75	60	11	56	46	22	50	16	44
334	76	60	11	56	46	22	50	16	44
335	77	60	11	56	46	22	50	16	44
336	78	60	11	56	46	22	50	16	44
337	79	60	11	56	46	22	50	16	44
338	80	60	11	56	46	22	50	16	44
339	81	60	11	56	46	22	50	16	44
340	82	60	11	56	46	22	50	16	44
341	83	60	11	56	46	22	50	16	44
342	84	60	11	56	46	22	50	16	44
343	85	60	11	56	46	22	50	16	44
344	86	60	11	56	46	22	50	16	44
345	87	60	11	56	46	22	50	16	44
346	88	60	11	56	46	22	50	16	44
347	89	60	11	56	46	22	50	16	44
348	90	60	11	56	46	22	50	16	44
349	91	60	11	56	46	22	50	16	44
350	92	60	11	56	46	22	50	16	44
351	93	60	11	56	46	22	50	16	44
352	94	60	11	56	46	22	50	16	44
353	95	60	11	56	46	22	50	16	44
354	96	60	11	56	46	22	50	16	44
355	97	60	11	56	46	22	50	16	44
356	98	60	11	56	46	22	50	16	44
357	99	60	11	56	46	22	50	16	44
358	100	60	11	56	46	22	50	16	44
# 9	358
################

# Stability threshold: 100
# Iteration threshold: 100
1
2
3
4
5
6
7
8
9
10
11
12
13
14
15
16
17
18
19
20
21
22
23
24
25
26
27
28
29
30
31
32
33
34
35
36
37
38
39
40
41
42
43
44
45
46
47
48
49
50
51
52
53
54
55
56
57
58
59
60
61
62
63
64
65
66
67
68
69
70
71
72
73
74
75
76
77
78
79
80
81
82
83
84
85
86
87
88
89
90
91
92
93
94
95
96
97
98
99
100	0	28	39	56	46	22	50	16	20
101	0	28	39	56	46	20	50	16	20
102	0	28	39	56	46	20	50	16	20
103	0	28	39	56	46	20	50	16	20
104	0	28	39	56	46	20	50	16	20
105	0	16	39	56	46	20	50	16	20
106	0	28	39	56	46	20	50	16	20
107	0	28	39	56	46	20	50	16	20
108	0	28	39	56	46	20	50	16	20
109	0	28	39	43	46	22	50	16	24
110	0	28	39	43	46	22	50	16	24
111	0	28	11	43	46	22	50	16	24
112	0	28	11	56	46	22	50	16	24
113	0	28	11	56	46	22	50	16	24
114	0	16	11	56	46	22	50	16	24
115	0	16	11	56	46	22	50	16	24
116	0	49	11	56	46	22	50	16	24
117	0	16	39	56	46	22	50	16	24
118	0	16	39	56	46	22	50	16	24
119	0	4	11	56	46	22	50	16	24
120	0	4	11	56	46	22	50	16	24
121	0	4	11	56	46	22	50	16	24
122	0	16	11	56	46	22	50	16	24
123	0	4	11	56	46	22	50	16	24
124	0	4	11	56	46	22	50	16	24
125	0	4	11	56	46	22	50	16	24
126	0	4	11	56	46	22	50	16	24
127	0	4	11	56	46	22	50	16	24
128	0	4	11	56	46	22	50	16	24
129	0	4	11	56	46	22	50	16	24
130	0	4	11	56	46	22	50	16	24
131	0	4	11	56	46	22	50	16	24
132	0	26	11	56	46	22	50	16	24
133	0	16	11	56	46	22	50	16	24
134	0	16	11	56	46	22	50	16	24
135	0	16	11	56	46	22	50	16	24
136	0	16	11	56	46	22	50	16	24
137	0	16	11	56	46	22	50	16	24
138	0	16	11	56	46	22	50	16	24
139	0	16	11	56	46	22	50	16	24
140	0	16	11	56	46	22	50	16	24
141	0	16	11	56	46	22	50	16	24
142	0	16	11	56	46	22	50	16	24
143	0	16	11	56	46	22	50	16	24
144	0	16	11	56	46	22	50	16	24
145	0	16	11	56	46	22	50	16	24
146	0	16	11	56	46	22	50	16	24
147	0	16	11	56	46	22	50	16	24
148	0	16	11	56	46	22	50	16	24
149	0	16	11	56	46	22	50	16	24
150	0	16	11	56	46	22	50	16	24
151	0	16	11	56	46	22	50	16	24
152	0	16	11	56	46	22	50	16	24
153	0	16	11	56	46	22	50	16	24
154	0	16	11	56	46	22	50	16	24
155	0	16	11	56	46	22	50	16	24
156	0	16	11	56	46	22	50	16	24
157	0	16	11	56	46	22	50	16	24
158	0	16	11	56	46	22	50	16	24
159	0	16	11	56	46	22	50	16	24
160	0	16	11	56	46	22	50	16	24
161	0	16	11	56	46	22	50	16	24
162	0	16	11	56	46	22	50	16	24
163	0	16	11	56	46	22	50	16	24
164	0	16	11	56	46	22	50	16	24
165	0	16	11	56	46	22	50	16	24
166	0	16	11	56	46	22	50	16	24
167	0	16	11	56	46	22	50	16	24
168	0	16	11	56	46	22	50	16	24
169	0	16	11	56	46	22	50	16	24
170	0	16	11	56	46	22	50	16	24
171	0	16	11	56	46	22	50	16	24
172	0	16	11	56	46	22	50	16	24
173	0	16	11	56	46	22	50	16	24
174	0	16	11	56	46	22	50	16	24
175	0	16	11	56	46	22	50	16	24
176	0	16	11	56	46	22	50	16	24
177	0	16	11	56	46	22	50	16	24
178	0	16	11	56	46	22	50	16	24
179	0	16	11	56	46	22	50	16	24
180	0	16	11	56	46	22	50	16	24
181	0	16	11	56	46	22	50	16	24
182	0	16	11	56	46	22	50	16	24
183	0	16	11	56	46	22	50	16	24
184	0	16	11	56	46	22	50	16	24
185	0	16	11	56	46	22	50	16	24
186	0	16	11	56	46	22	50	16	24
187	0	16	11	56	46	22	50	16	24
188	0	16	11	56	46	22	50	16	24
189	0	16	11	56	46	22	50	16	24
190	0	16	11	56	46	22	50	16	24
191	0	16	11	56	46	22	50	16	24
192	0	16	11	56	46	22	50	16	24
193	0	16	11	56	46	22	50	16	24
194	0	16	11	56	46	22	50	16	24
195	0	16	11	56	46	22	50	16	24
196	0	16	11	56	46	22	50	16	24
197	0	16	11	56	46	22	50	16	24
198	0	16	11	56	46	22	50	16	24
199	0	16	11	56	46	22	50	16	24
200	0	16	11	56	46	22	50	16	24
201	0	16	11	56	46	22	50	16	24
202	0	16	11	56	46	22	50	16	24
203	0	16	11	56	46	22	50	16	24
204	0	16	11	56	46	22	50	16	24
205	0	16	11	56	46	22	50	16	24
206	0	16	11	56	46	22	50	16	24
207	0	16	11	56	46	22	50	16	24
208	0	16	11	56	46	22	50	16	24
209	0	16	11	56	46	22	50	16	24
210	0	16	11	56	46	22	50	16	24
211	0	16	11	56	46	22	50	16	24
212	0	16	11	56	46	22	50	16	24
213	0	16	11	56	46	22	50	16	24
214	0	16	11	56	46	22	50	16	24
215	0	16	11	56	46	22	50	16	24
216	0	16	11	56	46	22	50	16	24
217	0	16	11	56	46	22	50	16	24
218	0	16	11	56	46	22	50	16	24
219	0	16	11	56	46	22	50	16	24
220	0	16	11	56	46	22	50	16	24
221	0	16	11	56	46	22	50	16	24
222	0	16	11	56	46	22	50	16	24
223	0	16	11	56	46	22	50	16	24
224	0	16	11	56	46	22	50	16	24
225	0	16	11	56	46	22	50	16	24
226	0	16	11	56	46	22	50	16	24
227	0	16	11	56	46	22	50	16	24
228	0	16	11	56	46	22	50	16	24
229	0	16	11	56	46	22	50	16	24
230	0	16	11	56	46	22	50	16	24
231	0	16	11	56	46	22	50	16	24
232	0	16	11	56	46	22	50	16	24
233	0	16	11	56	46	22	50	16	24
234	0	16	11	56	46	22	50	16	24
235	0	16	11	56	46	22	50	16	24
236	0	16	11	56	46	22	50	16	24
237	0	16	11	56	46	22	50	16	24
238	0	16	11	56	46	22	50	16	24
239	0	16	11	56	46	22	50	16	24
240	0	16	11	56	46	22	50	16	24
241	0	16	11	56	46	22	50	16	24
242	0	16	11	56	46	22	50	16	24
243	0	16	11	56	46	22	50	16	24
244	0	16	11	56	46	22	50	16	24
245	0	16	11	56	46	22	50	16	24
246	0	16	11	56	46	22	50	16	24
247	0	16	11	56	46	22	50	16	24
248	0	16	11	56	46	22	50	16	24
249	0	16	11	56	46	22	50	16	24
250	0	16	11	56	46	22	50	16	24
251	0	16	11	56	46	22	50	16	24
252	0	16	11	56	46	22	50	16	24
253	0	16	11	56	46	22	50	16	24
254	0	16	11	56	46	22	50	16	24
255	0	16	11	56	46	22	50	16	24
256	0	16	11	56	46	22	50	16	24
257	0	16	11	56	46	22	50	16	24
258	0	16	11	56	46	22	50	16	24
259	0	16	11	56	46	22	50	16	24
260	0	16	11	56	46	22	50	16	24
261	0	16	11	56	46	22	50	16	24
262	0	60	11	56	46	22	50	16	24
263	0	60	11	56	46	22	50	16	24
264	0	60	11	56	46	22	50	16	24
265	0	60	11	56	46	22	50	16	24
266	0	60	11	56	46	22	50	16	24
267	0	60	11	56	46	22	50	16	24
268	0	60	11	56	46	22	50	16	24
269	0	60	11	56	46	22	50	16	24
270	0	60	11	56	46	22	50	16	24
271	0	60	11	56	46	22	50	16	24
272	0	60	11	56	46	22	50	16	24
273	0	60	11	56	46	22	50	16	24
274	0	60	11	56	46	22	50	16	24
275	0	60	11	56	46	22	50	16	24
276	1	60	11	56	46	22	50	16	44
277	0	60	11	56	46	22	50	16	24
278	1	60	11	56	46	22	50	16	44
279	0	60	11	56	46	22	50	16	24
280	0	60	11	56	46	22	50	16	24
281	0	60	11	56	46	22	50	16	24
282	0	60	11	56	46	22	50	16	24
283	0	60	11	56	46	22	50	16	24
284	0	60	11	56	46	22	50	16	24
285	1	60	11	56	46	22	50	16	44
286	2	60	11	56	46	22	50	16	44
287	3	60	11	56	46	22	50	16	44
288	4	60	11	56	46	22	50	16	44
289	5	60	11	56	46	22	50	16	44
290	6	60	11	56	46	22	50	16	44
291	7	60	11	56	46	22	50	16	44
292	8	60	11	56	46	22	50	16	44
293	9	60	11	56	46	22	50	16	44
294	10	60	11	56	46	22	50	16	44
295	11	60	11	56	46	22	50	16	44
296	12	60	11	56	46	22	50	16	44
297	13	60	11	56	46	22	50	16	44
298	14	60	11	56	46	22	50	16	44
299	15	60	11	56	46	22	50	16	44
300	16	60	11	56	46	22	50	16	44
301	17	60	11	56	46	22	50	16	44
302	18	60	11	56	46	22	50	16	44
303	19	60	11	56	46	22	50	16	44
304	20	60	11	56	46	22	50	16	44
305	21	60	11	56	46	22	50	16	44
306	22	60	11	56	46	22	50	16	44
307	23	60	11	56	46	22	50	16	44
308	24	60	11	56	46	22	50	16	44
309	25	60	11	56	46	22	50	16	44
310	26	60	11	56	46	22	50	16	44
311	27	60	11	56	46	22	50	16	44
312	28	60	11	56	46	22	50	16	44
313	29	60	11	56	46	22	50	16	44
314	30	60	11	56	46	22	50	16	44
315	31	60	11	56	46	22	50	16	44
316	32	60	11	56	46	22	50	16	44
317	33	60	11	56	46	22	50	16	44
318	34	60	11	56	46	22	50	16	44
319	35	60	11	56	46	22	50	16	44
320	36	60	11	56	46	22	50	16	44
321	37	60	11	56	46	22	50	16	44
322	38	60	11	56	46	22	50	16	44
323	39	60	11	56	46	22	50	16	44
324	40	60	11	56	46	22	50	16	44
325	41	60	11	56	46	22	50	16	44
326	42	60	11	56	46	22	50	16	44
327	43	60	11	56	46	22	50	16	44
328	44	60	11	56	46	22	50	16	44
329	45	60	11	56	46	22	50	16	44
330	46	60	11	56	46	22	50	16	44
331	47	60	11	56	46	22	50	16	44
332	48	60	11	56	46	22	50	16	44
333	49	60	11	56	46	22	50	16	44
334	50	60	11	56	46	22	50	16	44
335	51	60	11	56	46	22	50	16	44
336	52	60	11	56	46	22	50	16	44
337	53	60	11	56	46	22	50	16	44
338	54	60	11	56	46	22	50	16	44
339	55	60	11	56	46	22	50	16	44
340	56	60	11	56	46	22	50	16	44
341	57	60	11	56	46	22	50	16	44
342	58	60	11	56	46	22	50	16	44
343	59	60	11	56	46	22	50	16	44
344	60	60	11	56	46	22	50	16	44
345	61	60	11	56	46	22	50	16	44
346	62	60	11	56	46	22	50	16	44
347	63	60	11	56	46	22	50	16	44
348	64	60	11	56	46	22	50	16	44
349	65	60	11	56	46	22	50	16	44
350	66	60	11	56	46	22	50	16	44
351	67	60	11	56	46	22	50	16	44
352	68	60	11	56	46	22	50	16	44
353	69	60	11	56	46	22	50	16	44
354	70	60	11	56	46	22	50	16	44
355	71	60	11	56	46	22	50	16	44
356	72	60	11	56	46	22	50	16	44
357	73	60	11	56	46	22	50	16	44
358	74	60	11	56	46	22	50	16	44
359	75	60	11	56	46	22	50	16	44
360	76	60	11	56	46	22	50	16	44
361	77	60	11	56	46	22	50	16	44
362	78	60	11	56	46	22	50	16	44
363	79	60	11	56	46	22	50	16	44
364	80	60	11	56	46	22	50	16	44
365	81	60	11	56	46	22	50	16	44
366	82	60	11	56	46	22	50	16	44
367	83	60	11	56	46	22	50	16	44
368	84	60	11	56	46	22	50	16	44
369	85	60	11	56	46	22	50	16	44
370	86	60	11	56	46	22	50	16	44
371	87	60	11	56	46	22	50	16	44
372	88	60	11	56	46	22	50	16	44
373	89	60	11	56	46	22	50	16	44
374	90	60	11	56	46	22	50	16	44
375	91	60	11	56	46	22	50	16	44
376	92	60	11	56	46	22	50	16	44
377	93	60	11	56	46	22	50	16	44
378	94	60	11	56	46	22	50	16	44
379	95	60	11	56	46	22	50	16	44
380	96	60	11	56	46	22	50	16	44
381	97	60	11	56	46	22	50	16	44
382	98	60	11	56	46	22	50	16	44
383	99	60	11	56	46	22	50	16	44
384	100	60	11	56	46	22	50	16	44
# 10	384
################

# average 349.200000
